date,equity,holding,shares,cash,stop_reference,entered_at_open
2016-06-01,100000.0,GLD,862.5150758517362,0.0,115.94000244140625,False
2016-06-02,99767.11724445806,GLD,862.5150758517362,0.0,115.94000244140625,False
2016-06-03,102535.78984828599,GLD,862.5150758517362,0.0,115.94000244140625,False
2016-06-06,102570.2912409762,GLD,862.5150758517362,0.0,115.94000244140625,False
2016-06-07,102484.04104948459,GLD,862.5150758517362,0.0,115.94000244140625,False
2016-06-08,104002.06942551462,GLD,862.5150758517362,0.0,115.94000244140625,False
2016-06-09,104579.95294702302,GLD,862.5150758517362,0.0,115.94000244140625,False
2016-06-10,105002.58349165939,GLD,862.5150758517362,0.0,115.94000244140625,False
2016-06-13,105778.84837601951,GLD,862.5150758517362,0.0,115.94000244140625,False
2016-06-14,105890.97296691182,GLD,862.5150758517362,0.0,115.94000244140625,False
2016-06-15,106675.86484456145,GLD,862.5150758517362,0.0,115.94000244140625,False
2016-06-16,105554.59261376708,GLD,862.5150758517362,0.0,115.94000244140625,False
2016-06-17,106908.74101963559,GLD,862.5150758517362,0.0,115.94000244140625,False
2016-06-20,106270.48170603628,GLD,862.5150758517362,0.0,115.94000244140625,False
2016-06-21,104226.31860729927,GLD,862.5150758517362,0.0,115.94000244140625,False
2016-06-22,104278.07398656847,GLD,862.5150758517362,0.0,115.94000244140625,False
2016-06-23,103596.68628698947,GLD,862.5150758517362,0.0,115.94000244140625,False
2016-06-24,108676.89955731877,GLD,862.5150758517362,0.0,115.94000244140625,False
2016-06-27,109263.41007211666,GLD,862.5150758517362,0.0,115.94000244140625,False
2016-06-28,108090.38904252087,GLD,862.5150758517362,0.0,115.94000244140625,False
2016-06-29,108538.89398655795,GLD,862.5150758517362,0.0,115.94000244140625,False
2016-06-30,109082.28269584393,GLD,862.5150758517362,0.0,115.94000244140625,False
2016-07-01,110755.56404874599,SHY,1584.5933987457647,0.0,69.89525775912678,False
2016-07-05,110807.46050640337,SHY,1584.5933987457647,0.0,69.89525775912678,False
2016-07-06,110755.56404874599,SHY,1584.5933987457647,0.0,69.89525775912678,False
2016-07-07,110703.61881622237,SHY,1584.5933987457647,0.0,69.89525775912678,False
2016-07-08,110703.61881622237,SHY,1584.5933987457647,0.0,69.89525775912678,False
2016-07-11,110586.74204304426,SHY,1584.5933987457647,0.0,69.89525775912678,False
2016-07-12,110547.80750608462,SHY,1584.5933987457647,0.0,69.89525775912678,False
2016-07-13,110573.80450977955,SHY,1584.5933987457647,0.0,69.89525775912678,False
2016-07-14,110508.83638797537,SHY,1584.5933987457647,0.0,69.89525775912678,False
2016-07-15,110456.90334916834,SHY,1584.5933987457647,0.0,69.89525775912678,False
2016-07-18,110521.82269610628,SHY,1584.5933987457647,0.0,69.89525775912678,False
2016-07-19,110534.79681052064,SHY,1584.5933987457647,0.0,69.89525775912678,False
2016-07-20,110482.86377171359,SHY,1584.5933987457647,0.0,69.89525775912678,False
2016-07-21,110560.74503934933,SHY,1584.5933987457647,0.0,69.89525775912678,False
2016-07-22,110521.82269610628,SHY,1584.5933987457647,0.0,69.89525775912678,False
2016-07-25,110443.85607245464,SHY,1584.5933987457647,0.0,69.89525775912678,False
2016-07-26,110456.90334916834,SHY,1584.5933987457647,0.0,69.89525775912678,False
2016-07-27,110534.79681052064,SHY,1584.5933987457647,0.0,69.89525775912678,False
2016-07-28,110521.82269610628,SHY,1584.5933987457647,0.0,69.89525775912678,False
2016-07-29,110664.61111696342,SHY,1584.5933987457647,0.0,69.89525775912678,False
2016-08-01,110626.92033909242,TQQQ,46586.70549194916,0.0,2.374645709991455,False
2016-08-02,108134.8899559132,TQQQ,46586.70549194916,0.0,2.374645709991455,False
2016-08-03,109159.42329953417,TQQQ,46586.70549194916,0.0,2.374645709991455,False
2016-08-04,110137.73984972484,TQQQ,46586.70549194916,0.0,2.374645709991455,False
2016-08-05,113322.03359924357,TQQQ,46586.70549194916,0.0,2.374645709991455,False
2016-08-08,112962.06242445782,TQQQ,46586.70549194916,0.0,2.374645709991455,False
2016-08-09,113709.63932871682,TQQQ,46586.70549194916,0.0,2.374645709991455,False
2016-08-10,112832.8197884676,TQQQ,46586.70549194916,0.0,2.374645709991455,False
2016-08-11,114291.14233358378,TQQQ,46586.70549194916,0.0,2.374645709991455,False
2016-08-12,114503.36638358937,TQQQ,46586.70549194916,0.0,2.374645709991455,False
2016-08-15,115943.20665418786,TQQQ,46586.70549194916,0.0,2.374645709991455,False
2016-08-16,114115.73843984387,TQQQ,46586.70549194916,0.0,2.374645709991455,False
2016-08-17,114651.08018696115,TQQQ,46586.70549194916,0.0,2.374645709991455,False
2016-08-18,114761.84054843368,TQQQ,46586.70549194916,0.0,2.374645709991455,False
2016-08-19,114604.93003634758,TQQQ,46586.70549194916,0.0,2.374645709991455,False
2016-08-22,114715.66818354787,TQQQ,46586.70549194916,0.0,2.374645709991455,False
2016-08-23,115398.70151976465,TQQQ,46586.70549194916,0.0,2.374645709991455,False
2016-08-24,113174.29758159955,TQQQ,46586.70549194916,0.0,2.374645709991455,False
2016-08-25,112639.00026302678,TQQQ,46586.70549194916,0.0,2.374645709991455,False
2016-08-26,113183.56093313063,TQQQ,46586.70549194916,0.0,2.374645709991455,False
2016-08-29,113497.35974303058,TQQQ,46586.70549194916,0.0,2.374645709991455,False
2016-08-30,112472.82639940959,TQQQ,46586.70549194916,0.0,2.374645709991455,False
2016-08-31,112177.48764975507,TQQQ,46586.70549194916,0.0,2.374645709991455,False
2016-09-01,112675.9092763815,TQQQ,46586.70549194916,0.0,2.4079291820526123,False
2016-09-02,113995.74804824861,TQQQ,46586.70549194916,0.0,2.4079291820526123,False
2016-09-06,116109.3138749883,TQQQ,46586.70549194916,0.0,2.4079291820526123,False
2016-09-07,116321.63788921904,TQQQ,46586.70549194916,0.0,2.4079291820526123,False
2016-09-08,114328.04023980236,TQQQ,46586.70549194916,0.0,2.4079291820526123,False
2016-09-09,105661.3640615239,TQQQ,46586.70549194916,0.0,2.4079291820526123,False
2016-09-12,111079.20292224143,TQQQ,46586.70549194916,0.0,2.4079291820526123,False
2016-09-13,108457.95211734422,TQQQ,46586.70549194916,0.0,2.4079291820526123,False
2016-09-14,109851.59780878465,TQQQ,46586.70549194916,0.0,2.4079291820526123,False
2016-09-15,114946.40782947953,TQQQ,46586.70549194916,0.0,2.4079291820526123,False
2016-09-16,114817.18740776156,TQQQ,46586.70549194916,0.0,2.4079291820526123,False
2016-09-19,113312.72581916796,TQQQ,46586.70549194916,0.0,2.4079291820526123,False
2016-09-20,113940.37897464847,TQQQ,46586.70549194916,0.0,2.4079291820526123,False
2016-09-21,117253.83761020453,TQQQ,46586.70549194916,0.0,2.4079291820526123,False
2016-09-22,119995.07880669697,TQQQ,46586.70549194916,0.0,2.4079291820526123,False
2016-09-23,117835.32950793536,TQQQ,46586.70549194916,0.0,2.4079291820526123,False
2016-09-26,114909.48770898869,TQQQ,46586.70549194916,0.0,2.4079291820526123,False
2016-09-27,118167.6216994891,TQQQ,46586.70549194916,0.0,2.4079291820526123,False
2016-09-28,118813.64605812602,TQQQ,46586.70549194916,0.0,2.4079291820526123,False
2016-09-29,116293.9477988509,TQQQ,46586.70549194916,0.0,2.4079291820526123,False
2016-09-30,118684.41452927193,TQQQ,46586.70549194916,0.0,2.4079291820526123,False
2016-10-03,118416.77697712167,TQQQ,46586.70549194916,0.0,2.547602653503418,False
2016-10-04,117742.98477816372,TQQQ,46586.70549194916,0.0,2.547602653503418,False
2016-10-05,118970.56767734824,TQQQ,46586.70549194916,0.0,2.547602653503418,False
2016-10-06,118785.97818203014,TQQQ,46586.70549194916,0.0,2.547602653503418,False
2016-10-07,118010.6667588585,TQQQ,46586.70549194916,0.0,2.547602653503418,False
2016-10-10,120124.2436927343,TQQQ,46586.70549194916,0.0,2.547602653503418,False
2016-10-11,115158.68741516577,TQQQ,46586.70549194916,0.0,2.547602653503418,False
2016-10-12,114918.69552483913,TQQQ,46586.70549194916,0.0,2.547602653503418,False
2016-10-13,113571.18887687614,TQQQ,46586.70549194916,0.0,2.547602653503418,False
2016-10-14,113829.62972031206,TQQQ,46586.70549194916,0.0,2.547602653503418,False
2016-10-17,113045.12158842609,TQQQ,46586.70549194916,0.0,2.547602653503418,False
2016-10-18,115943.20665418786,TQQQ,46586.70549194916,0.0,2.547602653503418,False
2016-10-19,115989.35680480143,TQQQ,46586.70549194916,0.0,2.547602653503418,False
2016-10-20,115500.17631543384,TQQQ,46586.70549194916,0.0,2.547602653503418,False
2016-10-21,116755.42709071423,TQQQ,46586.70549194916,0.0,2.547602653503418,False
2016-10-24,121010.2821559701,TQQQ,46586.70549194916,0.0,2.547602653503418,False
2016-10-25,119801.22595984777,TQQQ,46586.70549194916,0.0,2.547602653503418,False
2016-10-26,117503.03731638161,TQQQ,46586.70549194916,0.0,2.547602653503418,False
2016-10-27,115860.12527594733,TQQQ,46586.70549194916,0.0,2.547602653503418,False
2016-10-28,113857.3198106802,TQQQ,46586.70549194916,0.0,2.547602653503418,False
2016-10-31,113211.27323777103,TQQQ,46586.70549194916,0.0,2.547602653503418,False
2016-11-01,110885.38339680061,TECL,26485.312121564908,0.0,4.18667459487915,False
2016-11-02,108767.78547829809,TECL,26485.312121564908,0.0,4.18667459487915,False
2016-11-03,106000.46671581,TECL,26485.312121564908,0.0,4.18667459487915,False
2016-11-04,104893.56952084908,TECL,26485.312121564908,0.0,4.18667459487915,False
2016-11-07,111727.63610461545,TECL,26485.312121564908,0.0,4.18667459487915,False
2016-11-08,113412.0657451593,TECL,26485.312121564908,0.0,4.18667459487915,False
2016-11-09,112834.58381630022,TECL,26485.312121564908,0.0,4.18667459487915,False
2016-11-10,107348.07609998611,TECL,26485.312121564908,0.0,4.18667459487915,False
2016-11-11,108719.65566963602,TECL,26485.312121564908,0.0,4.18667459487915,False
2016-11-14,103497.85558637283,TECL,26485.312121564908,0.0,4.18667459487915,False
2016-11-15,107973.66257914534,TECL,26485.312121564908,0.0,4.18667459487915,False
2016-11-16,110909.44198654116,TECL,26485.312121564908,0.0,4.18667459487915,False
2016-11-17,113099.2661909892,TECL,26485.312121564908,0.0,4.18667459487915,False
2016-11-18,112617.99336273041,TECL,26485.312121564908,0.0,4.18667459487915,False
2016-11-21,116035.02034002311,TECL,26485.312121564908,0.0,4.18667459487915,False
2016-11-22,117141.9680517079,TECL,26485.312121564908,0.0,4.18667459487915,False
2016-11-23,115601.83943288348,TECL,26485.312121564908,0.0,4.18667459487915,False
2016-11-25,116949.4109295167,TECL,26485.312121564908,0.0,4.18667459487915,False
2016-11-28,117430.7216453184,TECL,26485.312121564908,0.0,4.18667459487915,False
2016-11-29,117695.41664918835,TECL,26485.312121564908,0.0,4.18667459487915,False
2016-11-30,113388.03241378069,TECL,26485.312121564908,0.0,4.18667459487915,False
2016-12-01,106313.30415752299,TECL,26485.312121564908,0.0,4.2811665534973145,False
2016-12-02,107420.23924002681,TECL,26485.312121564908,0.0,4.2811665534973145,False
2016-12-05,110524.42877560652,TECL,26485.312121564908,0.0,4.2811665534973145,False
2016-12-06,111535.11686996715,TECL,26485.312121564908,0.0,4.2811665534973145,False
2016-12-07,117791.6762665125,TECL,26485.312121564908,0.0,4.2811665534973145,False
2016-12-08,119067.02147720018,TECL,26485.312121564908,0.0,4.2811665534973145,False
2016-12-09,121280.91690056975,TECL,26485.312121564908,0.0,4.2811665534973145,False
2016-12-12,120414.5929738334,TECL,26485.312121564908,0.0,4.2811665534973145,False
2016-12-13,124697.94387786245,TECL,26485.312121564908,0.0,4.2811665534973145,False
2016-12-14,123615.08001428015,TECL,26485.312121564908,0.0,4.2811665534973145,False
2016-12-15,124986.69747147294,TECL,26485.312121564908,0.0,4.2811665534973145,False
2016-12-16,122628.48839720296,TECL,26485.312121564908,0.0,4.2811665534973145,False
2016-12-19,125106.99042017572,TECL,26485.312121564908,0.0,4.2811665534973145,False
2016-12-20,126382.37351840631,TECL,26485.312121564908,0.0,4.2811665534973145,False
2016-12-21,125708.63197222308,TECL,26485.312121564908,0.0,4.2811665534973145,False
2016-12-22,124818.26208492715,TECL,26485.312121564908,0.0,4.2811665534973145,False
2016-12-23,124986.69747147294,TECL,26485.312121564908,0.0,4.2811665534973145,False
2016-12-27,126623.03519089764,TECL,26485.312121564908,0.0,4.2811665534973145,False
2016-12-28,123470.69058829393,TECL,26485.312121564908,0.0,4.2811665534973145,False
2016-12-29,123350.3850104102,TECL,26485.312121564908,0.0,4.2811665534973145,False
2016-12-30,120173.956559704,TECL,26485.312121564908,0.0,4.2811665534973145,False
2017-01-03,123639.12597483974,TECL,26485.312121564908,0.0,4.537381172180176,False
2017-01-04,124746.07368652451,TECL,26485.312121564908,0.0,4.537381172180176,False
2017-01-05,125419.84049106967,TECL,26485.312121564908,0.0,4.537381172180176,False
2017-01-06,127922.46424968781,TECL,26485.312121564908,0.0,4.537381172180176,False
2017-01-09,128307.4648314415,TECL,26485.312121564908,0.0,4.537381172180176,False
2017-01-10,128042.79508593348,TECL,26485.312121564908,0.0,4.537381172180176,False
2017-01-11,129799.45101242287,TECL,26485.312121564908,0.0,4.537381172180176,False
2017-01-12,129366.29536364517,TECL,26485.312121564908,0.0,4.537381172180176,False
2017-01-13,129991.94498870922,TECL,26485.312121564908,0.0,4.537381172180176,False
2017-01-17,128812.87202452664,TECL,26485.312121564908,0.0,4.537381172180176,False
2017-01-18,129775.35453513941,TECL,26485.312121564908,0.0,4.537381172180176,False
2017-01-19,128909.09375430789,TECL,26485.312121564908,0.0,4.537381172180176,False
2017-01-20,131195.11443017525,TECL,26485.312121564908,0.0,4.537381172180176,False
2017-01-23,131556.1321972742,TECL,26485.312121564908,0.0,4.537381172180176,False
2017-01-24,134323.4004430384,TECL,26485.312121564908,0.0,4.537381172180176,False
2017-01-25,137981.1017220034,TECL,26485.312121564908,0.0,4.537381172180176,False
2017-01-26,137259.1545920723,TECL,26485.312121564908,0.0,4.537381172180176,False
2017-01-27,138654.83063900567,TECL,26485.312121564908,0.0,4.537381172180176,False
2017-01-30,135310.04257683945,TECL,26485.312121564908,0.0,4.537381172180176,False
2017-01-31,133240.5492086371,TECL,26485.312121564908,0.0,4.537381172180176,False
2017-02-01,135719.08911915275,TQQQ,45645.02690154046,0.0,2.9733598232269287,False
2017-02-02,135375.44854983067,TQQQ,45645.02690154046,0.0,2.9733598232269287,False
2017-02-03,136551.0220754943,TQQQ,45645.02690154046,0.0,2.9733598232269287,False
2017-02-06,137057.45579414943,TQQQ,45645.02690154046,0.0,2.9733598232269287,False
2017-02-07,138468.1701432397,TQQQ,45645.02690154046,0.0,2.9733598232269287,False
2017-02-08,139245.89675712332,TQQQ,45645.02690154046,0.0,2.9733598232269287,False
2017-02-09,140692.77406063792,TQQQ,45645.02690154046,0.0,2.9733598232269287,False
2017-02-10,142085.4014912048,TQQQ,45645.02690154046,0.0,2.9733598232269287,False
2017-02-13,144581.309186454,TQQQ,45645.02690154046,0.0,2.9733598232269287,False
2017-02-14,145937.7518973516,TQQQ,45645.02690154046,0.0,2.9733598232269287,False
2017-02-15,148451.7791589916,TQQQ,45645.02690154046,0.0,2.9733598232269287,False
2017-02-16,148325.1707293278,TQQQ,45645.02690154046,0.0,2.9733598232269287,False
2017-02-17,150188.058041503,TQQQ,45645.02690154046,0.0,2.9733598232269287,False
2017-02-21,152575.41157774444,TQQQ,45645.02690154046,0.0,2.9733598232269287,False
2017-02-22,152593.55290938012,TQQQ,45645.02690154046,0.0,2.9733598232269287,False
2017-02-23,150947.66508899585,TQQQ,45645.02690154046,0.0,2.9733598232269287,False
2017-02-24,151761.5437746814,TQQQ,45645.02690154046,0.0,2.9733598232269287,False
2017-02-27,152213.73850301123,TQQQ,45645.02690154046,0.0,2.9733598232269287,False
2017-02-28,151020.05629357928,TQQQ,45645.02690154046,0.0,2.9733598232269287,False
2017-03-01,155903.295759825,TECL,26113.617346324867,0.0,5.970191478729248,False
2017-03-02,153032.42556972944,TECL,26113.617346324867,0.0,5.970191478729248,False
2017-03-03,153435.79381405166,TECL,26113.617346324867,0.0,5.970191478729248,False
2017-03-06,152961.27516693703,TECL,26113.617346324867,0.0,5.970191478729248,False
2017-03-07,153103.63823223728,TECL,26113.617346324867,0.0,5.970191478729248,False
2017-03-08,153483.21081332248,TECL,26113.617346324867,0.0,5.970191478729248,False
2017-03-09,153317.15170032994,TECL,26113.617346324867,0.0,5.970191478729248,False
2017-03-10,155760.92024258166,TECL,26113.617346324867,0.0,5.970191478729248,False
2017-03-13,156472.69821325364,TECL,26113.617346324867,0.0,5.970191478729248,False
2017-03-14,155049.15472385281,TECL,26113.617346324867,0.0,5.970191478729248,False
2017-03-15,158157.2593336195,TECL,26113.617346324867,0.0,5.970191478729248,False
2017-03-16,159153.75098294887,TECL,26113.617346324867,0.0,5.970191478729248,False
2017-03-17,159438.43975772007,TECL,26113.617346324867,0.0,5.970191478729248,False
2017-03-20,159841.77064621306,TECL,26113.617346324867,0.0,5.970191478729248,False
2017-03-21,153245.97639365136,TECL,26113.617346324867,0.0,5.970191478729248,False
2017-03-22,156045.64637318216,TECL,26113.617346324867,0.0,5.970191478729248,False
2017-03-23,154669.53233499525,TECL,26113.617346324867,0.0,5.970191478729248,False
2017-03-24,154859.34975539558,TECL,26113.617346324867,0.0,5.970191478729248,False
2017-03-27,154859.34975539558,TECL,26113.617346324867,0.0,5.970191478729248,False
2017-03-28,157825.10375180512,TECL,26113.617346324867,0.0,5.970191478729248,False
2017-03-29,158845.32880465605,TECL,26113.617346324867,0.0,5.970191478729248,False
2017-03-30,159580.79037107725,TECL,26113.617346324867,0.0,5.970191478729248,False
2017-03-31,158845.32880465605,TECL,26113.617346324867,0.0,5.970191478729248,False
2017-04-03,158370.81015754142,TQQQ,45408.71015324585,0.0,3.4876747131347656,False
2017-04-04,159090.53043587072,TQQQ,45408.71015324585,0.0,3.4876747131347656,False
2017-04-05,157273.22022301203,TQQQ,45408.71015324585,0.0,3.4876747131347656,False
2017-04-06,157399.20564515915,TQQQ,45408.71015324585,0.0,3.4876747131347656,False
2017-04-07,157219.28369528695,TQQQ,45408.71015324585,0.0,3.4876747131347656,False
2017-04-10,157399.20564515915,TQQQ,45408.71015324585,0.0,3.4876747131347656,False
2017-04-11,155420.03171772443,TQQQ,45408.71015324585,0.0,3.4876747131347656,False
2017-04-12,153368.88467982874,TQQQ,45408.71015324585,0.0,3.4876747131347656,False
2017-04-13,151551.60694581055,TQQQ,45408.71015324585,0.0,3.4876747131347656,False
2017-04-17,155150.13255349587,TQQQ,45408.71015324585,0.0,3.4876747131347656,False
2017-04-18,154700.28978683482,TQQQ,45408.71015324585,0.0,3.4876747131347656,False
2017-04-19,155240.07728901177,TQQQ,45408.71015324585,0.0,3.4876747131347656,False
2017-04-20,159000.50991639376,TQQQ,45408.71015324585,0.0,3.4876747131347656,False
2017-04-21,158928.54763221298,TQQQ,45408.71015324585,0.0,3.4876747131347656,False
2017-04-24,164704.21652622125,TQQQ,45408.71015324585,0.0,3.4876747131347656,False
2017-04-25,168356.68948791185,TQQQ,45408.71015324585,0.0,3.4876747131347656,False
2017-04-26,167618.98675824748,TQQQ,45408.71015324585,0.0,3.4876747131347656,False
2017-04-27,170551.7827467294,TQQQ,45408.71015324585,0.0,3.4876747131347656,False
2017-04-28,171523.36560655138,TQQQ,45408.71015324585,0.0,3.4876747131347656,False
2017-05-01,175841.5898400057,TQQQ,45408.71015324585,0.0,3.777323007583618,False
2017-05-02,176885.1458102886,TQQQ,45408.71015324585,0.0,3.777323007583618,False
2017-05-03,175139.86283929166,TQQQ,45408.71015324585,0.0,3.777323007583618,False
2017-05-04,175319.78478916385,TQQQ,45408.71015324585,0.0,3.777323007583618,False
2017-05-05,177227.0397375384,TQQQ,45408.71015324585,0.0,3.777323007583618,False
2017-05-08,178288.56733287626,TQQQ,45408.71015324585,0.0,3.777323007583618,False
2017-05-09,180249.82376665683,TQQQ,45408.71015324585,0.0,3.777323007583618,False
2017-05-10,180537.62959825937,TQQQ,45408.71015324585,0.0,3.777323007583618,False
2017-05-11,180105.82341433418,TQQQ,45408.71015324585,0.0,3.777323007583618,False
2017-05-12,181275.3864593245,TQQQ,45408.71015324585,0.0,3.777323007583618,False
2017-05-15,182966.66794491545,TQQQ,45408.71015324585,0.0,3.777323007583618,False
2017-05-16,185269.76417454504,TQQQ,45408.71015324585,0.0,3.777323007583618,False
2017-05-17,171253.46644232285,TQQQ,45408.71015324585,0.0,3.777323007583618,False
2017-05-18,175589.69477967254,TQQQ,45408.71015324585,0.0,3.777323007583618,False
2017-05-19,177712.82575430934,TQQQ,45408.71015324585,0.0,3.777323007583618,False
2017-05-22,182318.93160332728,TQQQ,45408.71015324585,0.0,3.777323007583618,False
2017-05-23,182768.76354370816,TQQQ,45408.71015324585,0.0,3.777323007583618,False
2017-05-24,185287.62753679845,TQQQ,45408.71015324585,0.0,3.777323007583618,False
2017-05-25,190163.69750772585,TQQQ,45408.71015324585,0.0,3.777323007583618,False
2017-05-26,190973.35169529085,TQQQ,45408.71015324585,0.0,3.777323007583618,False
2017-05-30,191369.22545538633,TQQQ,45408.71015324585,0.0,3.777323007583618,False
2017-05-31,191135.3344989486,TQQQ,45408.71015324585,0.0,3.777323007583618,False
2017-06-01,193420.39414584232,TECL,26784.756370947664,0.0,7.221286296844482,False
2017-06-02,198749.95721375884,TECL,26784.756370947664,0.0,7.221286296844482,False
2017-06-05,199455.67225648186,TECL,26784.756370947664,0.0,7.221286296844482,False
2017-06-06,198457.91341379675,TECL,26784.756370947664,0.0,7.221286296844482,False
2017-06-07,199942.39915111824,TECL,26784.756370947664,0.0,7.221286296844482,False
2017-06-08,201597.19906986607,TECL,26784.756370947664,0.0,7.221286296844482,False
2017-06-09,186290.0731190325,TECL,26784.756370947664,0.0,7.221286296844482,False
2017-06-12,174078.3547312581,CASH,0.0,174078.3547312581,,False
2017-06-13,174078.3547312581,CASH,0.0,174078.3547312581,,False
2017-06-14,174078.3547312581,CASH,0.0,174078.3547312581,,False
2017-06-15,174078.3547312581,CASH,0.0,174078.3547312581,,False
2017-06-16,174078.3547312581,CASH,0.0,174078.3547312581,,False
2017-06-19,174078.3547312581,CASH,0.0,174078.3547312581,,False
2017-06-20,174078.3547312581,CASH,0.0,174078.3547312581,,False
2017-06-21,174078.3547312581,CASH,0.0,174078.3547312581,,False
2017-06-22,174078.3547312581,CASH,0.0,174078.3547312581,,False
2017-06-23,174078.3547312581,CASH,0.0,174078.3547312581,,False
2017-06-26,174078.3547312581,CASH,0.0,174078.3547312581,,False
2017-06-27,174078.3547312581,CASH,0.0,174078.3547312581,,False
2017-06-28,174078.3547312581,CASH,0.0,174078.3547312581,,False
2017-06-29,174078.3547312581,CASH,0.0,174078.3547312581,,False
2017-06-30,174078.3547312581,CASH,0.0,174078.3547312581,,False
2017-07-03,174078.3547312581,TQQQ,46245.19763233308,0.0,3.764247179031372,False
2017-07-05,179044.2151735219,TQQQ,46245.19763233308,0.0,3.764247179031372,False
2017-07-06,174316.5652889207,TQQQ,46245.19763233308,0.0,3.764247179031372,False
2017-07-07,179538.91692317274,TQQQ,46245.19763233308,0.0,3.764247179031372,False
2017-07-10,183295.35573708336,TQQQ,46245.19763233308,0.0,3.764247179031372,False
2017-07-11,184797.95110893337,TQQQ,46245.19763233308,0.0,3.764247179031372,False
2017-07-12,191376.27816614407,TQQQ,46245.19763233308,0.0,3.764247179031372,False
2017-07-13,192640.66298033146,TQQQ,46245.19763233308,0.0,3.764247179031372,False
2017-07-14,197166.65255020693,TQQQ,46245.19763233308,0.0,3.764247179031372,False
2017-07-17,197276.60097330398,TQQQ,46245.19763233308,0.0,3.764247179031372,False
2017-07-18,201197.94037043155,TQQQ,46245.19763233308,0.0,3.764247179031372,False
2017-07-19,204881.08023561083,TQQQ,46245.19763233308,0.0,3.764247179031372,False
2017-07-20,205650.69714586152,TQQQ,46245.19763233308,0.0,3.764247179031372,False
2017-07-21,205339.17661375322,TQQQ,46245.19763233308,0.0,3.764247179031372,False
2017-07-24,208014.47798530487,TQQQ,46245.19763233308,0.0,3.764247179031372,False
2017-07-25,206621.79795940898,TQQQ,46245.19763233308,0.0,3.764247179031372,False
2017-07-26,208472.59641487588,TQQQ,46245.19763233308,0.0,3.764247179031372,False
2017-07-27,204752.7850239023,TQQQ,46245.19763233308,0.0,3.764247179031372,False
2017-07-28,204093.1385881773,TQQQ,46245.19763233308,0.0,3.764247179031372,False
2017-07-31,201436.20605666572,TQQQ,46245.19763233308,0.0,3.764247179031372,False
2017-08-01,202755.45482525852,TECL,27026.728601249633,0.0,7.502034664154053,False
2017-08-02,204891.8034671108,TECL,27026.728601249633,0.0,7.502034664154053,False
2017-08-03,202804.56851024623,TECL,27026.728601249633,0.0,7.502034664154053,False
2017-08-04,204474.3178136925,TECL,27026.728601249633,0.0,7.502034664154053,False
2017-08-07,207813.89374467576,TECL,27026.728601249633,0.0,7.502034664154053,False
2017-08-08,206807.12119549562,TECL,27026.728601249633,0.0,7.502034664154053,False
2017-08-09,207003.56304809803,TECL,27026.728601249633,0.0,7.502034664154053,False
2017-08-10,194725.76039389474,TECL,27026.728601249633,0.0,7.502034664154053,False
2017-08-11,198654.62322063986,TECL,27026.728601249633,0.0,7.502034664154053,False
2017-08-14,207838.45703084386,TECL,27026.728601249633,0.0,7.502034664154053,False
2017-08-15,209360.90394137232,TECL,27026.728601249633,0.0,7.502034664154053,False
2017-08-16,210662.37148782724,TECL,27026.728601249633,0.0,7.502034664154053,False
2017-08-17,198409.10634509512,TECL,27026.728601249633,0.0,7.502034664154053,False
2017-08-18,197672.43973232474,TECL,27026.728601249633,0.0,7.502034664154053,False
2017-08-21,197647.87644615665,TECL,27026.728601249633,0.0,7.502034664154053,False
2017-08-22,206094.97920684796,TECL,27026.728601249633,0.0,7.502034664154053,False
2017-08-23,205063.66914619665,TECL,27026.728601249633,0.0,7.502034664154053,False
2017-08-24,204032.33331084842,TECL,27026.728601249633,0.0,7.502034664154053,False
2017-08-25,203713.07502740555,TECL,27026.728601249633,0.0,7.502034664154053,False
2017-08-28,205505.71808578304,TECL,27026.728601249633,0.0,7.502034664154053,False
2017-08-29,207789.33045850767,TECL,27026.728601249633,0.0,7.502034664154053,False
2017-08-30,211890.08473903558,TECL,27026.728601249633,0.0,7.502034664154053,False
2017-08-31,215868.15146220764,TECL,27026.728601249633,0.0,7.502034664154053,False
2017-09-01,215597.9682017071,TECL,27026.728601249633,0.0,7.987209796905518,False
2017-09-05,209704.66107424098,TECL,27026.728601249633,0.0,7.987209796905518,False
2017-09-06,210146.67135178196,TECL,27026.728601249633,0.0,7.987209796905518,False
2017-09-07,212062.05351690913,TECL,27026.728601249633,0.0,7.987209796905518,False
2017-09-08,206880.75950460605,TECL,27026.728601249633,0.0,7.987209796905518,False
2017-09-11,215450.70447083472,TECL,27026.728601249633,0.0,7.987209796905518,False
2017-09-12,217267.8077165926,TECL,27026.728601249633,0.0,7.987209796905518,False
2017-09-13,216064.56754011312,TECL,27026.728601249633,0.0,7.987209796905518,False
2017-09-14,213952.78218442894,TECL,27026.728601249633,0.0,7.987209796905518,False
2017-09-15,216457.45124531793,TECL,27026.728601249633,0.0,7.987209796905518,False
2017-09-18,216752.1075805473,TECL,27026.728601249633,0.0,7.987209796905518,False
2017-09-19,220337.26482381765,TECL,27026.728601249633,0.0,7.987209796905518,False
2017-09-20,217415.13588420727,TECL,27026.728601249633,0.0,7.987209796905518,False
2017-09-21,213731.77704565844,TECL,27026.728601249633,0.0,7.987209796905518,False
2017-09-22,214272.02758052334,TECL,27026.728601249633,0.0,7.987209796905518,False
2017-09-25,206586.16760611898,TECL,27026.728601249633,0.0,7.987209796905518,False
2017-09-26,208280.42864633945,TECL,27026.728601249633,0.0,7.987209796905518,False
2017-09-27,214566.74835249502,TECL,27026.728601249633,0.0,7.987209796905518,False
2017-09-28,215769.89831753526,TECL,27026.728601249633,0.0,7.987209796905518,False
2017-09-29,219968.918630084,TECL,27026.728601249633,0.0,7.987209796905518,False
2017-10-02,220730.14852902247,TQQQ,48622.37699659978,0.0,4.539682388305664,False
2017-10-03,222117.30445081857,TQQQ,48622.37699659978,0.0,4.539682388305664,False
2017-10-04,222695.30540569703,TQQQ,48622.37699659978,0.0,4.539682388305664,False
2017-10-05,229110.8146004188,TQQQ,48622.37699659978,0.0,4.539682388305664,False
2017-10-06,229939.35219061276,TQQQ,48622.37699659978,0.0,4.539682388305664,False
2017-10-09,229361.35123573433,TQQQ,48622.37699659978,0.0,4.539682388305664,False
2017-10-10,229842.9491432648,TQQQ,48622.37699659978,0.0,4.539682388305664,False
2017-10-11,231846.5930470191,TQQQ,48622.37699659978,0.0,4.539682388305664,False
2017-10-12,230594.35038460678,TQQQ,48622.37699659978,0.0,4.539682388305664,False
2017-10-13,233175.97205828346,TQQQ,48622.37699659978,0.0,4.539682388305664,False
2017-10-16,235584.19344549658,TQQQ,48622.37699659978,0.0,4.539682388305664,False
2017-10-17,236412.68466577842,TQQQ,48622.37699659978,0.0,4.539682388305664,False
2017-10-18,235507.10346655673,TQQQ,48622.37699659978,0.0,4.539682388305664,False
2017-10-19,232906.23827934018,TQQQ,48622.37699659978,0.0,4.539682388305664,False
2017-10-20,234601.66137707146,TQQQ,48622.37699659978,0.0,4.539682388305664,False
2017-10-23,230228.28311318377,TQQQ,48622.37699659978,0.0,4.539682388305664,False
2017-10-24,231403.4589816123,TQQQ,48622.37699659978,0.0,4.539682388305664,False
2017-10-25,228590.6601109403,TQQQ,48622.37699659978,0.0,4.539682388305664,False
2017-10-26,226471.34646134212,TQQQ,48622.37699659978,0.0,4.539682388305664,False
2017-10-27,245987.83967401137,TQQQ,48622.37699659978,0.0,4.539682388305664,False
2017-10-30,247741.03968227442,TQQQ,48622.37699659978,0.0,4.539682388305664,False
2017-10-31,250361.21793789908,TQQQ,48622.37699659978,0.0,4.539682388305664,False
2017-11-01,250033.63769355582,TQQQ,48622.37699659978,0.0,5.149094581604004,False
2017-11-02,248762.12833264752,TQQQ,48622.37699659978,0.0,5.149094581604004,False
2017-11-03,255697.93112658418,TQQQ,48622.37699659978,0.0,5.149094581604004,False
2017-11-06,258298.77312884465,TQQQ,48622.37699659978,0.0,5.149094581604004,False
2017-11-07,258722.6404957555,TQQQ,48622.37699659978,0.0,5.149094581604004,False
2017-11-08,261959.37628820658,TQQQ,48622.37699659978,0.0,5.149094581604004,False
2017-11-09,257759.32875591418,TQQQ,48622.37699659978,0.0,5.149094581604004,False
2017-11-10,257682.28514688645,TQQQ,48622.37699659978,0.0,5.149094581604004,False
2017-11-13,258452.88353185618,TQQQ,48622.37699659978,0.0,5.149094581604004,False
2017-11-14,255851.99515968355,TQQQ,48622.37699659978,0.0,5.149094581604004,False
2017-11-15,252095.1512476662,TQQQ,48622.37699659978,0.0,5.149094581604004,False
2017-11-16,261535.43936642748,TQQQ,48622.37699659978,0.0,5.149094581604004,False
2017-11-17,258607.01711982375,TQQQ,48622.37699659978,0.0,5.149094581604004,False
2017-11-20,257971.28562432568,TQQQ,48622.37699659978,0.0,5.149094581604004,False
2017-11-21,266101.4846152747,TQQQ,48622.37699659978,0.0,5.149094581604004,False
2017-11-22,267161.10666263965,TQQQ,48622.37699659978,0.0,5.149094581604004,False
2017-11-24,270166.6420731394,TQQQ,48622.37699659978,0.0,5.149094581604004,False
2017-11-27,269723.5311926886,TQQQ,48622.37699659978,0.0,5.149094581604004,False
2017-11-28,271707.908397947,TQQQ,48622.37699659978,0.0,5.149094581604004,False
2017-11-29,257740.06205741822,TQQQ,48622.37699659978,0.0,5.149094581604004,False
2017-11-30,264136.37410851225,TQQQ,48622.37699659978,0.0,5.149094581604004,False
2017-12-01,260610.68420853413,TECL,26145.03815217004,0.0,9.967883110046387,False
2017-12-04,247854.55077270113,TECL,26145.03815217004,0.0,9.967883110046387,False
2017-12-05,248020.88449530504,TECL,26145.03815217004,0.0,9.967883110046387,False
2017-12-06,252700.4946575035,TECL,26145.03815217004,0.0,9.967883110046387,False
2017-12-07,257332.6307666608,TECL,26145.03815217004,0.0,9.967883110046387,False
2017-12-08,261157.08462783293,TECL,26145.03815217004,0.0,9.967883110046387,False
2017-12-11,267523.2454317121,TECL,26145.03815217004,0.0,9.967883110046387,False
2017-12-12,267095.6797481246,TECL,26145.03815217004,0.0,9.967883110046387,False
2017-12-13,267665.7673262412,TECL,26145.03815217004,0.0,9.967883110046387,False
2017-12-14,266501.8052757846,TECL,26145.03815217004,0.0,9.967883110046387,False
2017-12-15,275813.55154714035,TECL,26145.03815217004,0.0,9.967883110046387,False
2017-12-18,282916.1585855914,TECL,26145.03815217004,0.0,9.967883110046387,False
2017-12-19,277594.87575794366,TECL,26145.03815217004,0.0,9.967883110046387,False
2017-12-20,277594.87575794366,TECL,26145.03815217004,0.0,9.967883110046387,False
2017-12-21,275882.96738940227,TECL,26145.03815217004,0.0,9.967883110046387,False
2017-12-22,275050.8250332063,TECL,26145.03815217004,0.0,9.967883110046387,False
2017-12-26,269534.53455385944,TECL,26145.03815217004,0.0,9.967883110046387,False
2017-12-27,270461.87435465166,TECL,26145.03815217004,0.0,9.967883110046387,False
2017-12-28,271436.6882084851,TECL,26145.03815217004,0.0,9.967883110046387,False
2017-12-29,266705.1408338471,TECL,26145.03815217004,0.0,9.967883110046387,False
2018-01-02,276620.06190411025,TQQQ,47868.791099209695,0.0,5.778714179992676,False
2018-01-03,284719.11627126863,TQQQ,47868.791099209695,0.0,5.778714179992676,False
2018-01-04,286388.28526174324,TQQQ,47868.791099209695,0.0,5.778714179992676,False
2018-01-05,295037.3913790412,TQQQ,47868.791099209695,0.0,5.778714179992676,False
2018-01-08,298318.6881398229,TQQQ,47868.791099209695,0.0,5.778714179992676,False
2018-01-09,298546.3736825087,TQQQ,47868.791099209695,0.0,5.778714179992676,False
2018-01-10,296422.0618628456,TQQQ,47868.791099209695,0.0,5.778714179992676,False
2018-01-11,302358.79975584743,TQQQ,47868.791099209695,0.0,5.778714179992676,False
2018-01-12,308769.7626949485,TQQQ,47868.791099209695,0.0,5.778714179992676,False
2018-01-16,306379.85198057943,TQQQ,47868.791099209695,0.0,5.778714179992676,False
2018-01-17,316034.266805297,TQQQ,47868.791099209695,0.0,5.778714179992676,False
2018-01-18,316337.7334007865,TQQQ,47868.791099209695,0.0,5.778714179992676,False
2018-01-19,319372.46783253644,TQQQ,47868.791099209695,0.0,5.778714179992676,False
2018-01-22,329349.3401671811,TQQQ,47868.791099209695,0.0,5.778714179992676,False
2018-01-23,337694.95686337125,TQQQ,47868.791099209695,0.0,5.778714179992676,False
2018-01-24,330847.8191839009,TQQQ,47868.791099209695,0.0,5.778714179992676,False
2018-01-25,330430.4984042593,TQQQ,47868.791099209695,0.0,5.778714179992676,False
2018-01-26,345187.1008651689,TQQQ,47868.791099209695,0.0,5.778714179992676,False
2018-01-29,340615.95123906067,TQQQ,47868.791099209695,0.0,5.778714179992676,False
2018-01-30,331909.940855305,TQQQ,47868.791099209695,0.0,5.778714179992676,False
2018-01-31,336006.8882609323,TQQQ,47868.791099209695,0.0,5.778714179992676,False
2018-02-01,327604.41294952104,TQQQ,47868.791099209695,0.0,7.019330978393555,False
2018-02-02,307593.76401377405,TQQQ,47868.791099209695,0.0,7.019330978393555,False
2018-02-05,299210.2260968547,CASH,0.0,299210.2260968547,,False
2018-02-06,299210.2260968547,CASH,0.0,299210.2260968547,,False
2018-02-07,299210.2260968547,CASH,0.0,299210.2260968547,,False
2018-02-08,299210.2260968547,CASH,0.0,299210.2260968547,,False
2018-02-09,299210.2260968547,CASH,0.0,299210.2260968547,,False
2018-02-12,299210.2260968547,CASH,0.0,299210.2260968547,,False
2018-02-13,299210.2260968547,CASH,0.0,299210.2260968547,,False
2018-02-14,299210.2260968547,CASH,0.0,299210.2260968547,,False
2018-02-15,299210.2260968547,CASH,0.0,299210.2260968547,,False
2018-02-16,299210.2260968547,CASH,0.0,299210.2260968547,,False
2018-02-20,299210.2260968547,CASH,0.0,299210.2260968547,,False
2018-02-21,299210.2260968547,CASH,0.0,299210.2260968547,,False
2018-02-22,299210.2260968547,CASH,0.0,299210.2260968547,,False
2018-02-23,299210.2260968547,CASH,0.0,299210.2260968547,,False
2018-02-26,299210.2260968547,CASH,0.0,299210.2260968547,,False
2018-02-27,299210.2260968547,CASH,0.0,299210.2260968547,,False
2018-02-28,299210.2260968547,CASH,0.0,299210.2260968547,,False
2018-03-01,299210.2260968547,TQQQ,47723.589702440906,0.0,6.269650459289551,False
2018-03-02,307436.0661237579,TQQQ,47723.589702440906,0.0,6.269650459289551,False
2018-03-05,317080.1065642915,TQQQ,47723.589702440906,0.0,6.269650459289551,False
2018-03-06,321088.9388915387,TQQQ,47723.589702440906,0.0,6.269650459289551,False
2018-03-07,323490.51079269673,TQQQ,47723.589702440906,0.0,6.269650459289551,False
2018-03-08,328312.51963477314,TQQQ,47723.589702440906,0.0,6.269650459289551,False
2018-03-09,347430.3600303801,TQQQ,47723.589702440906,0.0,6.269650459289551,False
2018-03-12,352630.5799228975,TQQQ,47723.589702440906,0.0,6.269650459289551,False
2018-03-13,339828.6137494664,TQQQ,47723.589702440906,0.0,6.269650459289551,False
2018-03-14,338675.0472892403,TQQQ,47723.589702440906,0.0,6.269650459289551,False
2018-03-15,337162.27135661873,TQQQ,47723.589702440906,0.0,6.269650459289551,False
2018-03-16,334930.9399409209,TQQQ,47723.589702440906,0.0,6.269650459289551,False
2018-03-19,313903.2247661102,TQQQ,47723.589702440906,0.0,6.269650459289551,False
2018-03-20,316210.26666103886,TQQQ,47723.589702440906,0.0,6.269650459289551,False
2018-03-21,311634.0267326065,TQQQ,47723.589702440906,0.0,6.269650459289551,False
2018-03-22,288866.5634821478,TQQQ,47723.589702440906,0.0,6.269650459289551,False
2018-03-23,269289.20348716923,CASH,0.0,269289.20348716923,,False
2018-03-26,269289.20348716923,CASH,0.0,269289.20348716923,,False
2018-03-27,269289.20348716923,CASH,0.0,269289.20348716923,,False
2018-03-28,269289.20348716923,CASH,0.0,269289.20348716923,,False
2018-03-29,269289.20348716923,CASH,0.0,269289.20348716923,,False
2018-04-02,269289.20348716923,TQQQ,51823.79185848592,0.0,5.19624662399292,False
2018-04-03,278324.3986212571,TQQQ,51823.79185848592,0.0,5.19624662399292,False
2018-04-04,291486.95951795444,TQQQ,51823.79185848592,0.0,5.19624662399292,False
2018-04-05,296066.1505227689,TQQQ,51823.79185848592,0.0,5.19624662399292,False
2018-04-06,273971.0955260355,TQQQ,51823.79185848592,0.0,5.19624662399292,False
2018-04-09,279453.7640346923,TQQQ,51823.79185848592,0.0,5.19624662399292,False
2018-04-10,297914.2501939995,TQQQ,51823.79185848592,0.0,5.19624662399292,False
2018-04-11,292903.8680575271,TQQQ,51823.79185848592,0.0,5.19624662399292,False
2018-04-12,303171.08021608274,TQQQ,51823.79185848592,0.0,5.19624662399292,False
2018-04-13,298674.07969232136,TQQQ,51823.79185848592,0.0,5.19624662399292,False
2018-04-16,305265.62777292426,TQQQ,51823.79185848592,0.0,5.19624662399292,False
2018-04-17,324793.94768667023,TQQQ,51823.79185848592,0.0,5.19624662399292,False
2018-04-18,327052.70322505035,TQQQ,51823.79185848592,0.0,5.19624662399292,False
2018-04-19,318161.25494252157,TQQQ,51823.79185848592,0.0,5.19624662399292,False
2018-04-20,302904.1217774731,TQQQ,51823.79185848592,0.0,5.19624662399292,False
2018-04-23,300522.1546520423,TQQQ,51823.79185848592,0.0,5.19624662399292,False
2018-04-24,281363.46949944826,TQQQ,51823.79185848592,0.0,5.19624662399292,False
2018-04-25,282472.3984944136,TQQQ,51823.79185848592,0.0,5.19624662399292,False
2018-04-26,299988.18835180363,TQQQ,51823.79185848592,0.0,5.19624662399292,False
2018-04-27,300686.4614796195,TQQQ,51823.79185848592,0.0,5.19624662399292,False
2018-04-30,294279.68135657324,TQQQ,51823.79185848592,0.0,5.19624662399292,False
2018-05-01,303848.76865637087,TQQQ,51823.79185848592,0.0,5.678466796875,False
2018-05-02,298550.8681052707,TQQQ,51823.79185848592,0.0,5.678466796875,False
2018-05-03,298571.32923525025,TQQQ,51823.79185848592,0.0,5.678466796875,False
2018-05-04,315368.6072384317,TQQQ,51823.79185848592,0.0,5.678466796875,False
2018-05-07,322863.68224589626,TQQQ,51823.79185848592,0.0,5.678466796875,False
2018-05-08,321795.8237799478,TQQQ,51823.79185848592,0.0,5.678466796875,False
2018-05-09,332576.44226272404,TQQQ,51823.79185848592,0.0,5.678466796875,False
2018-05-10,342925.89432535204,TQQQ,51823.79185848592,0.0,5.678466796875,False
2018-05-11,341899.10638842045,TQQQ,51823.79185848592,0.0,5.678466796875,False
2018-05-14,343418.6171160064,TQQQ,51823.79185848592,0.0,5.678466796875,False
2018-05-15,332309.5579586433,TQQQ,51823.79185848592,0.0,5.678466796875,False
2018-05-16,338428.7455325328,TQQQ,51823.79185848592,0.0,5.678466796875,False
2018-05-17,334609.3593145306,TQQQ,51823.79185848592,0.0,5.678466796875,False
2018-05-18,329249.8282583955,TQQQ,51823.79185848592,0.0,5.678466796875,False
2018-05-21,334999.5540517006,TQQQ,51823.79185848592,0.0,5.678466796875,False
2018-05-22,333254.03185697366,TQQQ,51823.79185848592,0.0,5.678466796875,False
2018-05-23,341632.22208433965,TQQQ,51823.79185848592,0.0,5.678466796875,False
2018-05-24,341344.6542466926,TQQQ,51823.79185848592,0.0,5.678466796875,False
2018-05-25,342207.08593302773,TQQQ,51823.79185848592,0.0,5.678466796875,False
2018-05-29,337833.32170782663,TQQQ,51823.79185848592,0.0,5.678466796875,False
2018-05-30,345040.9277236827,TQQQ,51823.79185848592,0.0,5.678466796875,False
2018-05-31,344301.6582013789,TQQQ,51823.79185848592,0.0,5.678466796875,False
2018-06-01,360318.57144173,TQQQ,51823.79185848592,0.0,6.643698692321777,False
2018-06-04,369559.11922090227,TQQQ,51823.79185848592,0.0,6.643698692321777,False
2018-06-05,373378.55486192374,TQQQ,51823.79185848592,0.0,6.643698692321777,False
2018-06-06,379538.7882533205,TQQQ,51823.79185848592,0.0,6.643698692321777,False
2018-06-07,370729.53045184474,TQQQ,51823.79185848592,0.0,6.643698692321777,False
2018-06-08,370483.10727774346,TQQQ,51823.79185848592,0.0,6.643698692321777,False
2018-06-11,373378.55486192374,TQQQ,51823.79185848592,0.0,6.643698692321777,False
2018-06-12,379292.4145022385,TQQQ,51823.79185848592,0.0,6.643698692321777,False
2018-06-13,378861.2233705805,TQQQ,51823.79185848592,0.0,6.643698692321777,False
2018-06-14,390381.0372411317,TQQQ,51823.79185848592,0.0,6.643698692321777,False
2018-06-15,386500.0699411138,TQQQ,51823.79185848592,0.0,6.643698692321777,False
2018-06-18,385637.61354326905,TQQQ,51823.79185848592,0.0,6.643698692321777,False
2018-06-19,382187.78795188986,TQQQ,51823.79185848592,0.0,6.643698692321777,False
2018-06-20,390196.269283575,TQQQ,51823.79185848592,0.0,6.643698692321777,False
2018-06-21,380093.24039504834,TQQQ,51823.79185848592,0.0,6.643698692321777,False
2018-06-22,376273.8294655365,TQQQ,51823.79185848592,0.0,6.643698692321777,False
2018-06-25,352248.48431651946,TQQQ,51823.79185848592,0.0,6.643698692321777,False
2018-06-26,356129.50103955664,TQQQ,51823.79185848592,0.0,6.643698692321777,False
2018-06-27,341837.574729424,TQQQ,51823.79185848592,0.0,6.643698692321777,False
2018-06-28,350215.64139924187,TQQQ,51823.79185848592,0.0,6.643698692321777,False
2018-06-29,351817.2684733519,TQQQ,51823.79185848592,0.0,6.643698692321777,False
2018-07-02,359702.53821798647,TECL,28759.435204363377,0.0,12.507287979125977,False
2018-07-03,346495.71460448985,TECL,28759.435204363377,0.0,12.507287979125977,False
2018-07-05,360750.74845228554,TECL,28759.435204363377,0.0,12.507287979125977,False
2018-07-06,373800.35972963163,TECL,28759.435204363377,0.0,12.507287979125977,False
2018-07-09,382238.0434514318,TECL,28759.435204363377,0.0,12.507287979125977,False
2018-07-10,384910.84515593434,TECL,28759.435204363377,0.0,12.507287979125977,False
2018-07-11,378936.3101209229,TECL,28759.435204363377,0.0,12.507287979125977,False
2018-07-12,397855.6299244236,TECL,28759.435204363377,0.0,12.507287979125977,False
2018-07-13,396755.0612899655,TECL,28759.435204363377,0.0,12.507287979125977,False
2018-07-16,394056.09409895085,TECL,28759.435204363377,0.0,12.507287979125977,False
2018-07-17,402284.1248030374,TECL,28759.435204363377,0.0,12.507287979125977,False
2018-07-18,400502.2387152792,TECL,28759.435204363377,0.0,12.507287979125977,False
2018-07-19,396466.856958446,TECL,28759.435204363377,0.0,12.507287979125977,False
2018-07-20,395864.14567322115,TECL,28759.435204363377,0.0,12.507287979125977,False
2018-07-23,401786.1851724,TECL,28759.435204363377,0.0,12.507287979125977,False
2018-07-24,408808.87558744097,TECL,28759.435204363377,0.0,12.507287979125977,False
2018-07-25,423456.9402756131,TECL,28759.435204363377,0.0,12.507287979125977,False
2018-07-26,404590.0337265409,TECL,28759.435204363377,0.0,12.507287979125977,False
2018-07-27,382814.56182300975,TECL,28759.435204363377,0.0,12.507287979125977,False
2018-07-30,365546.1086847636,TECL,28759.435204363377,0.0,12.507287979125977,False
2018-07-31,368611.88637537305,TECL,28759.435204363377,0.0,12.507287979125977,False
2018-08-01,377730.94240474276,TQQQ,51030.27595814188,0.0,7.402094841003418,False
2018-08-02,392774.6577903522,TQQQ,51030.27595814188,0.0,7.402094841003418,False
2018-08-03,396292.9853130057,TQQQ,51030.27595814188,0.0,7.402094841003418,False
2018-08-06,403572.26601519325,TQQQ,51030.27595814188,0.0,7.402094841003418,False
2018-08-07,407515.1336878414,TQQQ,51030.27595814188,0.0,7.402094841003418,False
2018-08-08,408607.0099766339,TQQQ,51030.27595814188,0.0,7.402094841003418,False
2018-08-09,408243.08365787874,TQQQ,51030.27595814188,0.0,7.402094841003418,False
2018-08-10,398719.4122137349,TQQQ,51030.27595814188,0.0,7.402094841003418,False
2018-08-13,397566.80042804393,TQQQ,51030.27595814188,0.0,7.402094841003418,False
2018-08-14,404906.64629520755,TQQQ,51030.27595814188,0.0,7.402094841003418,False
2018-08-15,390166.2433971137,TQQQ,51030.27595814188,0.0,7.402094841003418,False
2018-08-16,393745.25775040203,TQQQ,51030.27595814188,0.0,7.402094841003418,False
2018-08-17,393684.57091976714,TQQQ,51030.27595814188,0.0,7.402094841003418,False
2018-08-20,392896.03145162197,TQQQ,51030.27595814188,0.0,7.402094841003418,False
2018-08-21,396960.2727855399,TQQQ,51030.27595814188,0.0,7.402094841003418,False
2018-08-22,401570.4035975905,TQQQ,51030.27595814188,0.0,7.402094841003418,False
2018-08-23,399568.6385125149,TQQQ,51030.27595814188,0.0,7.402094841003418,False
2018-08-24,410669.4375592127,TQQQ,51030.27595814188,0.0,7.402094841003418,False
2018-08-27,423044.14905347576,TQQQ,51030.27595814188,0.0,7.402094841003418,False
2018-08-28,424924.6134766769,TQQQ,51030.27595814188,0.0,7.402094841003418,False
2018-08-29,439786.3170366453,TQQQ,51030.27595814188,0.0,7.402094841003418,False
2018-08-30,437299.17897214944,TQQQ,51030.27595814188,0.0,7.402094841003418,False
2018-08-31,438573.1157528466,TQQQ,51030.27595814188,0.0,7.402094841003418,False
2018-09-04,433356.3842988966,TECL,28473.257238485603,0.0,15.219768524169922,False
2018-09-05,415870.6181875969,TECL,28473.257238485603,0.0,15.219768524169922,False
2018-09-06,407439.0717740864,TECL,28473.257238485603,0.0,15.219768524169922,False
2018-09-07,403314.1022593911,TECL,28473.257238485603,0.0,15.219768524169922,False
2018-09-10,406816.42564402195,TECL,28473.257238485603,0.0,15.219768524169922,False
2018-09-11,417193.7887338587,TECL,28473.257238485603,0.0,15.219768524169922,False
2018-09-12,412601.7667360797,TECL,28473.257238485603,0.0,15.219768524169922,False
2018-09-13,425884.7122007654,TECL,28473.257238485603,0.0,15.219768524169922,False
2018-09-14,425288.02549941186,TECL,28473.257238485603,0.0,15.219768524169922,False
2018-09-17,409021.61937374435,TECL,28473.257238485603,0.0,15.219768524169922,False
2018-09-18,416311.6569335414,TECL,28473.257238485603,0.0,15.219768524169922,False
2018-09-19,413872.96411649126,TECL,28473.257238485603,0.0,15.219768524169922,False
2018-09-20,427934.25797507877,TECL,28473.257238485603,0.0,15.219768524169922,False
2018-09-21,423679.54562525713,TECL,28473.257238485603,0.0,15.219768524169922,False
2018-09-24,428193.635028475,TECL,28473.257238485603,0.0,15.219768524169922,False
2018-09-25,427404.397794706,TECL,28473.257238485603,0.0,15.219768524169922,False
2018-09-26,421303.5247344254,TECL,28473.257238485603,0.0,15.219768524169922,False
2018-09-27,429117.8830149122,TECL,28473.257238485603,0.0,15.219768524169922,False
2018-09-28,434102.4463321945,TECL,28473.257238485603,0.0,15.219768524169922,False
2018-10-01,440462.9679880126,TQQQ,51787.389878482034,0.0,8.505216598510742,False
2018-10-02,437939.0281187519,TQQQ,51787.389878482034,0.0,8.505216598510742,False
2018-10-03,439231.7669665505,TQQQ,51787.389878482034,0.0,8.505216598510742,False
2018-10-04,414176.88297634525,TQQQ,51787.389878482034,0.0,8.505216598510742,False
2018-10-05,396416.67118921137,CASH,0.0,396416.67118921137,,False
2018-10-08,396416.67118921137,CASH,0.0,396416.67118921137,,False
2018-10-09,396416.67118921137,CASH,0.0,396416.67118921137,,False
2018-10-10,396416.67118921137,CASH,0.0,396416.67118921137,,False
2018-10-11,396416.67118921137,CASH,0.0,396416.67118921137,,False
2018-10-12,396416.67118921137,CASH,0.0,396416.67118921137,,False
2018-10-15,396416.67118921137,CASH,0.0,396416.67118921137,,False
2018-10-16,396416.67118921137,CASH,0.0,396416.67118921137,,False
2018-10-17,396416.67118921137,CASH,0.0,396416.67118921137,,False
2018-10-18,396416.67118921137,CASH,0.0,396416.67118921137,,False
2018-10-19,396416.67118921137,CASH,0.0,396416.67118921137,,False
2018-10-22,396416.67118921137,CASH,0.0,396416.67118921137,,False
2018-10-23,396416.67118921137,CASH,0.0,396416.67118921137,,False
2018-10-24,396416.67118921137,CASH,0.0,396416.67118921137,,False
2018-10-25,396416.67118921137,CASH,0.0,396416.67118921137,,False
2018-10-26,396416.67118921137,CASH,0.0,396416.67118921137,,False
2018-10-29,396416.67118921137,CASH,0.0,396416.67118921137,,False
2018-10-30,396416.67118921137,CASH,0.0,396416.67118921137,,False
2018-10-31,396416.67118921137,CASH,0.0,396416.67118921137,,False
2018-11-01,396416.67118921137,SHY,5671.611138828226,0.0,69.89489608610798,False
2018-11-02,395939.0310850983,SHY,5671.611138828226,0.0,69.89489608610798,False
2018-11-05,396082.4016755599,SHY,5671.611138828226,0.0,69.89489608610798,False
2018-11-06,395986.7339938881,SHY,5671.611138828226,0.0,69.89489608610798,False
2018-11-07,395843.6252675187,SHY,5671.611138828226,0.0,69.89489608610798,False
2018-11-08,395795.44227456,SHY,5671.611138828226,0.0,69.89489608610798,False
2018-11-09,395986.7339938881,SHY,5671.611138828226,0.0,69.89489608610798,False
2018-11-12,396273.47517481126,SHY,5671.611138828226,0.0,69.89489608610798,False
2018-11-13,396321.43994769314,SHY,5671.611138828226,0.0,69.89489608610798,False
2018-11-14,396607.87562050886,SHY,5671.611138828226,0.0,69.89489608610798,False
2018-11-15,396799.0800518063,SHY,5671.611138828226,0.0,69.89489608610798,False
2018-11-16,397085.60301265266,SHY,5671.611138828226,0.0,69.89489608610798,False
2018-11-19,397420.0471023657,SHY,5671.611138828226,0.0,69.89489608610798,False
2018-11-20,397324.5976407708,SHY,5671.611138828226,0.0,69.89489608610798,False
2018-11-21,397324.5976407708,SHY,5671.611138828226,0.0,69.89489608610798,False
2018-11-23,397229.0172471296,SHY,5671.611138828226,0.0,69.89489608610798,False
2018-11-26,397276.7637999348,SHY,5671.611138828226,0.0,69.89489608610798,False
2018-11-27,397324.5976407708,SHY,5671.611138828226,0.0,69.89489608610798,False
2018-11-28,397467.7063671401,SHY,5671.611138828226,0.0,69.89489608610798,False
2018-11-29,397563.41769282735,SHY,5671.611138828226,0.0,69.89489608610798,False
2018-11-30,397706.65735124267,SHY,5671.611138828226,0.0,69.89489608610798,False
2018-12-03,397381.29121672496,GLD,3413.635243669954,0.0,116.41000366210938,False
2018-12-04,399804.96911445423,GLD,3413.635243669954,0.0,116.41000366210938,False
2018-12-06,399873.2303599808,GLD,3413.635243669954,0.0,116.41000366210938,False
2018-12-07,403116.17342387926,GLD,3413.635243669954,0.0,116.41000366210938,False
2018-12-10,401716.596516839,GLD,3413.635243669954,0.0,116.41000366210938,False
2018-12-11,401238.6896662428,GLD,3413.635243669954,0.0,116.41000366210938,False
2018-12-12,402092.09847716027,GLD,3413.635243669954,0.0,116.41000366210938,False
2018-12-13,401204.5460214945,GLD,3413.635243669954,0.0,116.41000366210938,False
2018-12-14,399600.13328993437,GLD,3413.635243669954,0.0,116.41000366210938,False
2018-12-17,402365.1955472067,GLD,3413.635243669954,0.0,116.41000366210938,False
2018-12-18,403321.00924839906,GLD,3413.635243669954,0.0,116.41000366210938,False
2018-12-19,400863.1877059215,GLD,3413.635243669954,0.0,116.41000366210938,False
2018-12-20,407041.85916289367,GLD,3413.635243669954,0.0,116.41000366210938,False
2018-12-21,405266.78029553214,GLD,3413.635243669954,0.0,116.41000366210938,False
2018-12-24,409704.49048592104,GLD,3413.635243669954,0.0,116.41000366210938,False
2018-12-26,408475.6057586523,GLD,3413.635243669954,0.0,116.41000366210938,False
2018-12-27,411582.00028752757,GLD,3413.635243669954,0.0,116.41000366210938,False
2018-12-28,413254.67426461424,GLD,3413.635243669954,0.0,116.41000366210938,False
2018-12-31,413903.2732949819,GLD,3413.635243669954,0.0,116.41000366210938,False
2019-01-02,414176.3703650283,GLD,3413.635243669954,0.0,121.25,False
2019-01-03,417931.36392427125,GLD,3413.635243669954,0.0,121.25,False
2019-01-04,414551.87232534966,GLD,3413.635243669954,0.0,121.25,False
2019-01-07,415985.5928771382,GLD,3413.635243669954,0.0,121.25,False
2019-01-08,414859.0869961743,GLD,3413.635243669954,0.0,121.25,False
2019-01-09,417521.71831920167,GLD,3413.635243669954,0.0,121.25,False
2019-01-10,415063.8967767241,GLD,3413.635243669954,0.0,121.25,False
2019-01-11,415780.7830965884,GLD,3413.635243669954,0.0,121.25,False
2019-01-14,416770.71439855907,GLD,3413.635243669954,0.0,121.25,False
2019-01-15,416053.8541226648,GLD,3413.635243669954,0.0,121.25,False
2019-01-16,417385.16978417843,GLD,3413.635243669954,0.0,121.25,False
2019-01-17,416839.0016880557,GLD,3413.635243669954,0.0,121.25,False
2019-01-18,413118.125729591,GLD,3413.635243669954,0.0,121.25,False
2019-01-22,414585.9899261279,GLD,3413.635243669954,0.0,121.25,False
2019-01-23,414005.6781852568,GLD,3413.635243669954,0.0,121.25,False
2019-01-24,413357.0791548891,GLD,3413.635243669954,0.0,121.25,False
2019-01-25,419399.22812080814,GLD,3413.635243669954,0.0,121.25,False
2019-01-28,420867.092317345,GLD,3413.635243669954,0.0,121.25,False
2019-01-29,423222.5089695477,GLD,3413.635243669954,0.0,121.25,False
2019-01-30,425646.18686727696,GLD,3413.635243669954,0.0,121.25,False
2019-01-31,425850.99664782675,GLD,3413.635243669954,0.0,121.25,False
2019-02-01,424997.5878369093,GLD,3413.635243669954,0.0,124.75,False
2019-02-04,423154.22168005107,GLD,3413.635243669954,0.0,124.75,False
2019-02-05,424246.5839162667,GLD,3413.635243669954,0.0,124.75,False
2019-02-06,421379.14281268953,GLD,3413.635243669954,0.0,124.75,False
2019-02-07,422403.21775940846,GLD,3413.635243669954,0.0,124.75,False
2019-02-08,424007.6304909686,GLD,3413.635243669954,0.0,124.75,False
2019-02-11,421925.3109088123,GLD,3413.635243669954,0.0,124.75,False
2019-02-12,422812.8633644781,GLD,3413.635243669954,0.0,124.75,False
2019-02-13,421140.18938739144,GLD,3413.635243669954,0.0,124.75,False
2019-02-14,423495.5799956241,GLD,3413.635243669954,0.0,124.75,False
2019-02-15,426021.6888275983,GLD,3413.635243669954,0.0,124.75,False
2019-02-19,432507.57495539513,GLD,3413.635243669954,0.0,124.75,False
2019-02-20,431756.5970787226,GLD,3413.635243669954,0.0,124.75,False
2019-02-21,426875.09763851576,GLD,3413.635243669954,0.0,124.75,False
2019-02-22,428411.22308057925,GLD,3413.635243669954,0.0,124.75,False
2019-02-25,427967.4598747314,GLD,3413.635243669954,0.0,124.75,False
2019-02-26,428684.32015062566,GLD,3413.635243669954,0.0,124.75,False
2019-02-27,425646.18686727696,GLD,3413.635243669954,0.0,124.75,False
2019-02-28,423256.626570326,GLD,3413.635243669954,0.0,124.75,False
2019-03-01,416053.8541226648,GLD,3413.635243669954,0.0,123.98999786376953,False
2019-03-04,414961.49188644916,GLD,3413.635243669954,0.0,123.98999786376953,False
2019-03-05,415507.686026542,GLD,3413.635243669954,0.0,123.98999786376953,False
2019-03-06,415132.1840662207,GLD,3413.635243669954,0.0,123.98999786376953,False
2019-03-07,414790.82575064775,GLD,3413.635243669954,0.0,123.98999786376953,False
2019-03-08,419330.9408313115,GLD,3413.635243669954,0.0,123.98999786376953,False
2019-03-11,417282.7648939036,GLD,3413.635243669954,0.0,123.98999786376953,False
2019-03-12,419808.8737258778,GLD,3413.635243669954,0.0,123.98999786376953,False
2019-03-13,422744.5760749815,GLD,3413.635243669954,0.0,123.98999786376953,False
2019-03-14,417863.1026787447,GLD,3413.635243669954,0.0,123.98999786376953,False
2019-03-15,419774.73008112947,GLD,3413.635243669954,0.0,123.98999786376953,False
2019-03-18,420013.68350642757,GLD,3413.635243669954,0.0,123.98999786376953,False
2019-03-19,421174.3069881697,GLD,3413.635243669954,0.0,123.98999786376953,False
2019-03-20,423905.22560069367,GLD,3413.635243669954,0.0,123.98999786376953,False
2019-03-21,422198.4079788587,GLD,3413.635243669954,0.0,123.98999786376953,False
2019-03-22,423188.3653247994,GLD,3413.635243669954,0.0,123.98999786376953,False
2019-03-25,426431.30838869786,GLD,3413.635243669954,0.0,123.98999786376953,False
2019-03-26,424314.8712057633,GLD,3413.635243669954,0.0,123.98999786376953,False
2019-03-27,422096.0030885838,GLD,3413.635243669954,0.0,123.98999786376953,False
2019-03-28,416122.1414121614,GLD,3413.635243669954,0.0,123.98999786376953,False
2019-03-29,416497.6433724827,GLD,3413.635243669954,0.0,123.98999786376953,False
2019-04-01,414859.0869961743,GLD,3413.635243669954,0.0,122.01000213623047,False
2019-04-02,416395.2384822078,GLD,3413.635243669954,0.0,122.01000213623047,False
2019-04-03,415780.7830965884,GLD,3413.635243669954,0.0,122.01000213623047,False
2019-04-04,416839.0016880557,GLD,3413.635243669954,0.0,122.01000213623047,False
2019-04-05,416395.2384822078,GLD,3413.635243669954,0.0,122.01000213623047,False
2019-04-08,418204.46099431766,GLD,3413.635243669954,0.0,122.01000213623047,False
2019-04-09,420389.18546674884,GLD,3413.635243669954,0.0,122.01000213623047,False
2019-04-10,421686.3574835142,GLD,3413.635243669954,0.0,122.01000213623047,False
2019-04-11,416292.8075479629,GLD,3413.635243669954,0.0,122.01000213623047,False
2019-04-12,415883.1879868633,GLD,3413.635243669954,0.0,122.01000213623047,False
2019-04-15,415098.0404214724,GLD,3413.635243669954,0.0,122.01000213623047,False
2019-04-16,411377.1905069778,GLD,3413.635243669954,0.0,122.01000213623047,False
2019-04-17,410592.0429415869,GLD,3413.635243669954,0.0,122.01000213623047,False
2019-04-18,410899.2836563816,GLD,3413.635243669954,0.0,122.01000213623047,False
2019-04-22,410899.2836563816,GLD,3413.635243669954,0.0,122.01000213623047,False
2019-04-23,410045.8748454641,GLD,3413.635243669954,0.0,122.01000213623047,False
2019-04-24,411240.64197195455,GLD,3413.635243669954,0.0,122.01000213623047,False
2019-04-25,411582.00028752757,GLD,3413.635243669954,0.0,122.01000213623047,False
2019-04-26,414312.91890005156,GLD,3413.635243669954,0.0,122.01000213623047,False
2019-04-29,412469.55274319334,GLD,3413.635243669954,0.0,122.01000213623047,False
2019-04-30,413732.58111521037,GLD,3413.635243669954,0.0,122.01000213623047,False
2019-05-01,411001.68854665646,TECL,27303.292936070095,0.0,15.053191184997559,False
2019-05-02,404058.6662526707,TECL,27303.292936070095,0.0,15.053191184997559,False
2019-05-03,415471.99554830196,TECL,27303.292936070095,0.0,15.053191184997559,False
2019-05-06,406156.55806839623,TECL,27303.292936070095,0.0,15.053191184997559,False
2019-05-07,369901.5196919908,CASH,0.0,369901.5196919908,,False
2019-05-08,369901.5196919908,CASH,0.0,369901.5196919908,,False
2019-05-09,369901.5196919908,CASH,0.0,369901.5196919908,,False
2019-05-10,369901.5196919908,CASH,0.0,369901.5196919908,,False
2019-05-13,369901.5196919908,CASH,0.0,369901.5196919908,,False
2019-05-14,369901.5196919908,CASH,0.0,369901.5196919908,,False
2019-05-15,369901.5196919908,CASH,0.0,369901.5196919908,,False
2019-05-16,369901.5196919908,CASH,0.0,369901.5196919908,,False
2019-05-17,369901.5196919908,CASH,0.0,369901.5196919908,,False
2019-05-20,369901.5196919908,CASH,0.0,369901.5196919908,,False
2019-05-21,369901.5196919908,CASH,0.0,369901.5196919908,,False
2019-05-22,369901.5196919908,CASH,0.0,369901.5196919908,,False
2019-05-23,369901.5196919908,CASH,0.0,369901.5196919908,,False
2019-05-24,369901.5196919908,CASH,0.0,369901.5196919908,,False
2019-05-28,369901.5196919908,CASH,0.0,369901.5196919908,,False
2019-05-29,369901.5196919908,CASH,0.0,369901.5196919908,,False
2019-05-30,369901.5196919908,CASH,0.0,369901.5196919908,,False
2019-05-31,369901.5196919908,CASH,0.0,369901.5196919908,,False
2019-06-03,369901.5196919908,TQQQ,66081.46027568604,0.0,5.597659587860107,False
2019-06-04,399880.79194911505,TQQQ,66081.46027568604,0.0,5.597659587860107,False
2019-06-05,408693.53552225797,TQQQ,66081.46027568604,0.0,5.597659587860107,False
2019-06-06,418135.81929794606,TQQQ,66081.46027568604,0.0,5.597659587860107,False
2019-06-07,441977.6181294066,TQQQ,66081.46027568604,0.0,5.597659587860107,False
2019-06-10,458108.2033141756,TQQQ,66081.46027568604,0.0,5.597659587860107,False
2019-06-11,459839.2734431721,TQQQ,66081.46027568604,0.0,5.597659587860107,False
2019-06-12,452049.41059754405,TQQQ,66081.46027568604,0.0,5.597659587860107,False
2019-06-13,459445.8698980109,TQQQ,66081.46027568604,0.0,5.597659587860107,False
2019-06-14,453465.7263803159,TQQQ,66081.46027568604,0.0,5.597659587860107,False
2019-06-17,461727.7995205203,TQQQ,66081.46027568604,0.0,5.597659587860107,False
2019-06-18,481713.96001853934,TQQQ,66081.46027568604,0.0,5.597659587860107,False
2019-06-19,487379.2861698182,TQQQ,66081.46027568604,0.0,5.597659587860107,False
2019-06-20,500755.88898797997,TQQQ,66081.46027568604,0.0,5.597659587860107,False
2019-06-21,498473.99087556626,TQQQ,66081.46027568604,0.0,5.597659587860107,False
2019-06-24,498316.59794740606,TQQQ,66081.46027568604,0.0,5.597659587860107,False
2019-06-25,472822.4727161727,TQQQ,66081.46027568604,0.0,5.597659587860107,False
2019-06-26,478802.5217035805,TQQQ,66081.46027568604,0.0,5.597659587860107,False
2019-06-27,483995.82662085735,TQQQ,66081.46027568604,0.0,5.597659587860107,False
2019-06-28,486041.65109607857,TQQQ,66081.46027568604,0.0,5.597659587860107,False
2019-07-01,505398.3029016482,TECL,33335.146869950215,0.0,15.161124229431152,False
2019-07-02,509209.80608661426,TECL,33335.146869950215,0.0,15.161124229431152,False
2019-07-03,519454.86011312035,TECL,33335.146869950215,0.0,15.161124229431152,False
2019-07-05,517625.390721369,TECL,33335.146869950215,0.0,15.161124229431152,False
2019-07-08,505123.788709809,TECL,33335.146869950215,0.0,15.161124229431152,False
2019-07-09,510063.6135736121,TECL,33335.146869950215,0.0,15.161124229431152,False
2019-07-10,521802.71148658916,TECL,33335.146869950215,0.0,15.161124229431152,False
2019-07-11,527931.419643063,TECL,33335.146869950215,0.0,15.161124229431152,False
2019-07-12,539823.3362844907,TECL,33335.146869950215,0.0,15.161124229431152,False
2019-07-15,544092.214765113,TECL,33335.146869950215,0.0,15.161124229431152,False
2019-07-16,529090.1651877472,TECL,33335.146869950215,0.0,15.161124229431152,False
2019-07-17,525248.2699278075,TECL,33335.146869950215,0.0,15.161124229431152,False
2019-07-18,537292.464852838,TECL,33335.146869950215,0.0,15.161124229431152,False
2019-07-19,528175.573550802,TECL,33335.146869950215,0.0,15.161124229431152,False
2019-07-22,547994.9259658736,TECL,33335.146869950215,0.0,15.161124229431152,False
2019-07-23,556166.7063924969,TECL,33335.146869950215,0.0,15.161124229431152,False
2019-07-24,570497.841377555,TECL,33335.146869950215,0.0,15.161124229431152,False
2019-07-25,556685.1519559612,TECL,33335.146869950215,0.0,15.161124229431152,False
2019-07-26,566686.2428199688,TECL,33335.146869950215,0.0,15.161124229431152,False
2019-07-29,565954.5440777139,TECL,33335.146869950215,0.0,15.161124229431152,False
2019-07-30,554245.7110762169,TECL,33335.146869950215,0.0,15.161124229431152,False
2019-07-31,528693.923741646,TECL,33335.146869950215,0.0,15.161124229431152,False
2019-08-01,521314.848743339,TECL,33335.146869950215,0.0,15.859954833984375,False
2019-08-02,493597.94397562265,TECL,33335.146869950215,0.0,15.859954833984375,False
2019-08-05,454141.8555712969,CASH,0.0,454141.8555712969,,False
2019-08-06,454141.8555712969,CASH,0.0,454141.8555712969,,False
2019-08-07,454141.8555712969,CASH,0.0,454141.8555712969,,False
2019-08-08,454141.8555712969,CASH,0.0,454141.8555712969,,False
2019-08-09,454141.8555712969,CASH,0.0,454141.8555712969,,False
2019-08-12,454141.8555712969,CASH,0.0,454141.8555712969,,False
2019-08-13,454141.8555712969,CASH,0.0,454141.8555712969,,False
2019-08-14,454141.8555712969,CASH,0.0,454141.8555712969,,False
2019-08-15,454141.8555712969,CASH,0.0,454141.8555712969,,False
2019-08-16,454141.8555712969,CASH,0.0,454141.8555712969,,False
2019-08-19,454141.8555712969,CASH,0.0,454141.8555712969,,False
2019-08-20,454141.8555712969,CASH,0.0,454141.8555712969,,False
2019-08-21,454141.8555712969,CASH,0.0,454141.8555712969,,False
2019-08-22,454141.8555712969,CASH,0.0,454141.8555712969,,False
2019-08-23,454141.8555712969,CASH,0.0,454141.8555712969,,False
2019-08-26,454141.8555712969,CASH,0.0,454141.8555712969,,False
2019-08-27,454141.8555712969,CASH,0.0,454141.8555712969,,False
2019-08-28,454141.8555712969,CASH,0.0,454141.8555712969,,False
2019-08-29,454141.8555712969,CASH,0.0,454141.8555712969,,False
2019-08-30,454141.8555712969,CASH,0.0,454141.8555712969,,False
2019-09-03,454141.8555712969,TECL,32000.880211401585,0.0,14.191542625427246,False
2019-09-04,477558.6984019251,TECL,32000.880211401585,0.0,14.191542625427246,False
2019-09-05,507854.3009953262,TECL,32000.880211401585,0.0,14.191542625427246,False
2019-09-06,505190.8366211942,TECL,32000.880211401585,0.0,14.191542625427246,False
2019-09-09,494448.3536400718,TECL,32000.880211401585,0.0,14.191542625427246,False
2019-09-10,486398.7242691918,TECL,32000.880211401585,0.0,14.191542625427246,False
2019-09-11,501092.70143756625,TECL,32000.880211401585,0.0,14.191542625427246,False
2019-09-12,509054.5293211262,TECL,32000.880211401585,0.0,14.191542625427246,False
2019-09-13,498136.3823285284,TECL,32000.880211401585,0.0,14.191542625427246,False
2019-09-16,494682.3993843395,TECL,32000.880211401585,0.0,14.191542625427246,False
2019-09-17,499804.76317969884,TECL,32000.880211401585,0.0,14.191542625427246,False
2019-09-18,500858.625174881,TECL,32000.880211401585,0.0,14.191542625427246,False
2019-09-19,504019.7839025816,TECL,32000.880211401585,0.0,14.191542625427246,False
2019-09-20,485901.06043404073,TECL,32000.880211401585,0.0,14.191542625427246,False
2019-09-23,489969.71482630575,TECL,32000.880211401585,0.0,14.191542625427246,False
2019-09-24,475008.82357795147,TECL,32000.880211401585,0.0,14.191542625427246,False
2019-09-25,491964.0018585995,TECL,32000.880211401585,0.0,14.191542625427246,False
2019-09-26,493047.46671881486,TECL,32000.880211401585,0.0,14.191542625427246,False
2019-09-27,473808.076439053,TECL,32000.880211401585,0.0,14.191542625427246,False
2019-09-30,488420.72202463,TECL,32000.880211401585,0.0,14.191542625427246,False
2019-10-01,475418.7164441999,TQQQ,66389.07672573836,0.0,7.161098480224609,False
2019-10-02,451070.6648839123,TQQQ,66389.07672573836,0.0,7.161098480224609,False
2019-10-03,465932.4778012413,TQQQ,66389.07672573836,0.0,7.161098480224609,False
2019-10-04,485537.3942116602,TQQQ,66389.07672573836,0.0,7.161098480224609,False
2019-10-07,481031.3999908956,TQQQ,66389.07672573836,0.0,7.161098480224609,False
2019-10-08,459133.9946386891,TQQQ,66389.07672573836,0.0,7.161098480224609,False
2019-10-09,473047.1172124869,TQQQ,66389.07672573836,0.0,7.161098480224609,False
2019-10-10,483402.99922260863,TQQQ,66389.07672573836,0.0,7.161098480224609,False
2019-10-11,501505.8647981416,TQQQ,66389.07672573836,0.0,7.161098480224609,False
2019-10-14,502059.19363271777,TQQQ,66389.07672573836,0.0,7.161098480224609,False
2019-10-15,521110.68623822444,TQQQ,66389.07672573836,0.0,7.161098480224609,False
2019-10-16,517237.1311419615,TQQQ,66389.07672573836,0.0,7.161098480224609,False
2019-10-17,520794.43501919496,TQQQ,66389.07672573836,0.0,7.161098480224609,False
2019-10-18,505853.7650661701,TQQQ,66389.07672573836,0.0,7.161098480224609,False
2019-10-21,519213.46383505565,TQQQ,66389.07672573836,0.0,7.161098480224609,False
2019-10-22,507197.72194832,TQQQ,66389.07672573836,0.0,7.161098480224609,False
2019-10-23,509569.1628961396,TQQQ,66389.07672573836,0.0,7.161098480224609,False
2019-10-24,524193.676600471,TQQQ,66389.07672573836,0.0,7.161098480224609,False
2019-10-25,536130.6564218468,TQQQ,66389.07672573836,0.0,7.161098480224609,False
2019-10-28,552494.4252037257,TQQQ,66389.07672573836,0.0,7.161098480224609,False
2019-10-29,539767.0705890057,TQQQ,66389.07672573836,0.0,7.161098480224609,False
2019-10-30,547356.1501423529,TQQQ,66389.07672573836,0.0,7.161098480224609,False
2019-10-31,547751.290053857,TQQQ,66389.07672573836,0.0,7.161098480224609,False
2019-11-01,562613.1346279646,TQQQ,66389.07672573836,0.0,8.25062370300293,False
2019-11-04,572652.6387919422,TQQQ,66389.07672573836,0.0,8.25062370300293,False
2019-11-05,573364.2198631478,TQQQ,66389.07672573836,0.0,8.25062370300293,False
2019-11-06,569727.7423824316,TQQQ,66389.07672573836,0.0,8.25062370300293,False
2019-11-07,575498.5831954207,TQQQ,66389.07672573836,0.0,8.25062370300293,False
2019-11-08,582297.1296715302,TQQQ,66389.07672573836,0.0,8.25062370300293,False
2019-11-11,579846.3884931132,TQQQ,66389.07672573836,0.0,8.25062370300293,False
2019-11-12,584589.5236429819,TQQQ,66389.07672573836,0.0,8.25062370300293,False
2019-11-13,583719.9752461548,TQQQ,66389.07672573836,0.0,8.25062370300293,False
2019-11-14,583561.8812934187,TQQQ,66389.07672573836,0.0,8.25062370300293,False
2019-11-15,594550.2024280421,TQQQ,66389.07672573836,0.0,8.25062370300293,False
2019-11-18,597633.1294767313,TQQQ,66389.07672573836,0.0,8.25062370300293,False
2019-11-19,600083.8706551484,TQQQ,66389.07672573836,0.0,8.25062370300293,False
2019-11-20,589569.8946922907,TQQQ,66389.07672573836,0.0,8.25062370300293,False
2019-11-21,584984.853495158,TQQQ,66389.07672573836,0.0,8.25062370300293,False
2019-11-22,586565.9196496333,TQQQ,66389.07672573836,0.0,8.25062370300293,False
2019-11-25,606882.2905041432,TQQQ,66389.07672573836,0.0,8.25062370300293,False
2019-11-26,610518.6413577448,TQQQ,66389.07672573836,0.0,8.25062370300293,False
2019-11-27,622850.7927474033,TQQQ,66389.07672573836,0.0,8.25062370300293,False
2019-11-29,614550.1321228504,TQQQ,66389.07672573836,0.0,8.25062370300293,False
2019-12-02,594787.1217596954,TQQQ,66389.07672573836,0.0,9.256795883178711,False
2019-12-03,581427.3913340311,TQQQ,66389.07672573836,0.0,9.256795883178711,False
2019-12-04,590044.3031776135,TQQQ,66389.07672573836,0.0,9.256795883178711,False
2019-12-05,593127.1669127455,TQQQ,66389.07672573836,0.0,9.256795883178711,False
2019-12-06,611467.1417606038,TQQQ,66389.07672573836,0.0,9.256795883178711,False
2019-12-09,603957.3307810753,TQQQ,66389.07672573836,0.0,9.256795883178711,False
2019-12-10,602613.3738989254,TQQQ,66389.07672573836,0.0,9.256795883178711,False
2019-12-11,611704.5042871586,TQQQ,66389.07672573836,0.0,9.256795883178711,False
2019-12-12,625696.4838966525,TQQQ,66389.07672573836,0.0,9.256795883178711,False
2019-12-13,631309.2940704628,TQQQ,66389.07672573836,0.0,9.256795883178711,False
2019-12-16,649412.033018881,TQQQ,66389.07672573836,0.0,9.256795883178711,False
2019-12-17,650281.7080428228,TQQQ,66389.07672573836,0.0,9.256795883178711,False
2019-12-18,651783.6955641514,TQQQ,66389.07672573836,0.0,9.256795883178711,False
2019-12-19,665064.4106702263,TQQQ,66389.07672573836,0.0,9.256795883178711,False
2019-12-20,672969.4881883736,TQQQ,66389.07672573836,0.0,9.256795883178711,False
2019-12-23,677949.9225512397,TQQQ,66389.07672573836,0.0,9.256795883178711,False
2019-12-24,678827.6383969666,TQQQ,66389.07672573836,0.0,9.256795883178711,False
2019-12-26,696462.6800971425,TQQQ,66389.07672573836,0.0,9.256795883178711,False
2019-12-27,694406.6356353279,TQQQ,66389.07672573836,0.0,9.256795883178711,False
2019-12-30,680567.4316397517,TQQQ,66389.07672573836,0.0,9.256795883178711,False
2019-12-31,684442.5379181701,TQQQ,66389.07672573836,0.0,9.256795883178711,False
2020-01-02,718368.0313007981,TQQQ,66389.07672573836,0.0,10.309565544128418,False
2020-01-03,698835.2290322159,TQQQ,66389.07672573836,0.0,10.309565544128418,False
2020-01-06,712120.7559686505,TQQQ,66389.07672573836,0.0,10.309565544128418,False
2020-01-07,711250.7643769218,TQQQ,66389.07672573836,0.0,10.309565544128418,False
2020-01-08,727620.4213196355,TQQQ,66389.07672573836,0.0,10.309565544128418,False
2020-01-09,745967.1074045744,TQQQ,66389.07672573836,0.0,10.309565544128418,False
2020-01-10,739878.0526522775,TQQQ,66389.07672573836,0.0,10.309565544128418,False
2020-01-13,765737.3988268261,TQQQ,66389.07672573836,0.0,10.309565544128418,False
2020-01-14,756801.1967134608,TQQQ,66389.07672573836,0.0,10.309565544128418,False
2020-01-15,757275.7318258984,TQQQ,66389.07672573836,0.0,10.309565544128418,False
2020-01-16,778390.2333845296,TQQQ,66389.07672573836,0.0,10.309565544128418,False
2020-01-17,790015.0457113257,TQQQ,66389.07672573836,0.0,10.309565544128418,False
2020-01-21,789619.6525455922,TQQQ,66389.07672573836,0.0,10.309565544128418,False
2020-01-22,794997.1895402407,TQQQ,66389.07672573836,0.0,10.309565544128418,False
2020-01-23,802351.6290499998,TQQQ,66389.07672573836,0.0,10.309565544128418,False
2020-01-24,781553.3787103981,TQQQ,66389.07672573836,0.0,10.309565544128418,False
2020-01-27,733235.0042730521,TQQQ,66389.07672573836,0.0,10.309565544128418,False
2020-01-28,767318.908176203,TQQQ,66389.07672573836,0.0,10.309565544128418,False
2020-01-29,770086.7869634527,TQQQ,66389.07672573836,0.0,10.309565544128418,False
2020-01-30,778785.5632367057,TQQQ,66389.07672573836,0.0,10.309565544128418,False
2020-01-31,740510.5550903365,TQQQ,66389.07672573836,0.0,10.309565544128418,False
2020-02-03,774515.1904196686,TQQQ,66389.07672573836,0.0,11.154102325439453,False
2020-02-04,827420.2522066386,TQQQ,66389.07672573836,0.0,11.154102325439453,False
2020-02-05,836988.7668173908,TQQQ,66389.07672573836,0.0,11.154102325439453,False
2020-02-06,857391.7506183736,TQQQ,66389.07672573836,0.0,11.154102325439453,False
2020-02-07,846320.425410047,TQQQ,66389.07672573836,0.0,11.154102325439453,False
2020-02-10,876845.4742538091,TQQQ,66389.07672573836,0.0,11.154102325439453,False
2020-02-11,877478.1666325402,TQQQ,66389.07672573836,0.0,11.154102325439453,False
2020-02-12,903179.292227238,TQQQ,66389.07672573836,0.0,11.154102325439453,False
2020-02-13,899699.7057416679,TQQQ,66389.07672573836,0.0,11.154102325439453,False
2020-02-14,905789.0137481942,TQQQ,66389.07672573836,0.0,11.154102325439453,False
2020-02-18,907370.6497246858,TQQQ,66389.07672573836,0.0,11.154102325439453,False
2020-02-19,933625.389064968,TQQQ,66389.07672573836,0.0,11.154102325439453,False
2020-02-20,907054.3985056563,TQQQ,66389.07672573836,0.0,11.154102325439453,False
2020-02-21,855177.4855767083,TQQQ,66389.07672573836,0.0,11.154102325439453,False
2020-02-24,756643.0394471673,TQQQ,66389.07672573836,0.0,11.154102325439453,False
2020-02-25,695434.6578662351,TQQQ,66389.07672573836,0.0,11.154102325439453,False
2020-02-26,705003.4257312168,TQQQ,66389.07672573836,0.0,11.154102325439453,False
2020-02-27,650833.2591272963,CASH,0.0,650833.2591272963,,False
2020-02-28,650833.2591272963,CASH,0.0,650833.2591272963,,False
2020-03-02,650833.2591272963,TQQQ,62436.541859967554,0.0,10.42391586303711,False
2020-03-03,585749.9332145668,CASH,0.0,585749.9332145668,,False
2020-03-04,585749.9332145668,CASH,0.0,585749.9332145668,,False
2020-03-05,585749.9332145668,CASH,0.0,585749.9332145668,,False
2020-03-06,585749.9332145668,CASH,0.0,585749.9332145668,,False
2020-03-09,585749.9332145668,CASH,0.0,585749.9332145668,,False
2020-03-10,585749.9332145668,CASH,0.0,585749.9332145668,,False
2020-03-11,585749.9332145668,CASH,0.0,585749.9332145668,,False
2020-03-12,585749.9332145668,CASH,0.0,585749.9332145668,,False
2020-03-13,585749.9332145668,CASH,0.0,585749.9332145668,,False
2020-03-16,585749.9332145668,CASH,0.0,585749.9332145668,,False
2020-03-17,585749.9332145668,CASH,0.0,585749.9332145668,,False
2020-03-18,585749.9332145668,CASH,0.0,585749.9332145668,,False
2020-03-19,585749.9332145668,CASH,0.0,585749.9332145668,,False
2020-03-20,585749.9332145668,CASH,0.0,585749.9332145668,,False
2020-03-23,585749.9332145668,CASH,0.0,585749.9332145668,,False
2020-03-24,585749.9332145668,CASH,0.0,585749.9332145668,,False
2020-03-25,585749.9332145668,CASH,0.0,585749.9332145668,,False
2020-03-26,585749.9332145668,CASH,0.0,585749.9332145668,,False
2020-03-27,585749.9332145668,CASH,0.0,585749.9332145668,,False
2020-03-30,585749.9332145668,CASH,0.0,585749.9332145668,,False
2020-03-31,585749.9332145668,CASH,0.0,585749.9332145668,,False
2020-04-01,585749.9332145668,IEF,5630.7732213112395,0.0,104.02655375954976,False
2020-04-02,585846.1323860626,IEF,5630.7732213112395,0.0,104.02655375954976,False
2020-04-03,586278.812770964,IEF,5630.7732213112395,0.0,104.02655375954976,False
2020-04-06,583634.674053174,IEF,5630.7732213112395,0.0,104.02655375954976,False
2020-04-07,581038.1599701057,IEF,5630.7732213112395,0.0,104.02655375954976,False
2020-04-08,580316.7525386187,IEF,5630.7732213112395,0.0,104.02655375954976,False
2020-04-09,581567.0827038691,IEF,5630.7732213112395,0.0,104.02655375954976,False
2020-04-13,580316.7525386187,IEF,5630.7732213112395,0.0,104.02655375954976,False
2020-04-14,581086.3459105857,IEF,5630.7732213112395,0.0,104.02655375954976,False
2020-04-15,586278.812770964,IEF,5630.7732213112395,0.0,104.02655375954976,False
2020-04-16,586903.7619667591,IEF,5630.7732213112395,0.0,104.02655375954976,False
2020-04-17,585365.4819475114,IEF,5630.7732213112395,0.0,104.02655375954976,False
2020-04-20,586903.7619667591,IEF,5630.7732213112395,0.0,104.02655375954976,False
2020-04-21,588538.5433990647,IEF,5630.7732213112395,0.0,104.02655375954976,False
2020-04-22,586711.4499784993,IEF,5630.7732213112395,0.0,104.02655375954976,False
2020-04-23,587096.2034871167,IEF,5630.7732213112395,0.0,104.02655375954976,False
2020-04-24,587240.4158896286,IEF,5630.7732213112395,0.0,104.02655375954976,False
2020-04-27,584115.4108464572,IEF,5630.7732213112395,0.0,104.02655375954976,False
2020-04-28,586663.3072153854,IEF,5630.7732213112395,0.0,104.02655375954976,False
2020-04-29,586374.9255877278,IEF,5630.7732213112395,0.0,104.02655375954976,False
2020-04-30,584980.901148358,IEF,5630.7732213112395,0.0,104.02655375954976,False
2020-05-01,585789.3541497444,TQQQ,77433.00367873594,0.0,7.565112113952637,False
2020-05-04,606449.9877001389,TQQQ,77433.00367873594,0.0,7.565112113952637,False
2020-05-05,625819.5739603845,TQQQ,77433.00367873594,0.0,7.565112113952637,False
2020-05-06,638179.3043869033,TQQQ,77433.00367873594,0.0,7.565112113952637,False
2020-05-07,663082.8629859996,TQQQ,77433.00367873594,0.0,7.565112113952637,False
2020-05-08,689831.460568358,TQQQ,77433.00367873594,0.0,7.565112113952637,False
2020-05-11,706987.1108174891,TQQQ,77433.00367873594,0.0,7.565112113952637,False
2020-05-12,664927.6065857944,TQQQ,77433.00367873594,0.0,7.565112113952637,False
2020-05-13,639747.2736777421,TQQQ,77433.00367873594,0.0,7.565112113952637,False
2020-05-14,660961.4927689823,TQQQ,77433.00367873594,0.0,7.565112113952637,False
2020-05-15,672306.507139107,TQQQ,77433.00367873594,0.0,7.565112113952637,False
2020-05-18,711230.0727891241,TQQQ,77433.00367873594,0.0,7.565112113952637,False
2020-05-19,705788.001631569,TQQQ,77433.00367873594,0.0,7.565112113952637,False
2020-05-20,747109.859499293,TQQQ,77433.00367873594,0.0,7.565112113952637,False
2020-05-21,724142.9826042207,TQQQ,77433.00367873594,0.0,7.565112113952637,False
2020-05-22,730691.7817682658,TQQQ,77433.00367873594,0.0,7.565112113952637,False
2020-05-26,727647.9289825509,TQQQ,77433.00367873594,0.0,7.565112113952637,False
2020-05-27,737886.0676544518,TQQQ,77433.00367873594,0.0,7.565112113952637,False
2020-05-28,733182.0120902017,TQQQ,77433.00367873594,0.0,7.565112113952637,False
2020-05-29,763435.5560508902,TQQQ,77433.00367873594,0.0,7.565112113952637,False
2020-06-01,772843.5194876567,TECL,43206.50412091651,0.0,17.887203216552734,False
2020-06-02,794967.8491343969,TECL,43206.50412091651,0.0,17.887203216552734,False
2020-06-03,813246.110308612,TECL,43206.50412091651,0.0,17.887203216552734,False
2020-06-04,792985.4797942085,TECL,43206.50412091651,0.0,17.887203216552734,False
2020-06-05,854362.452983875,TECL,43206.50412091651,0.0,17.887203216552734,False
2020-06-08,869389.6449221546,TECL,43206.50412091651,0.0,17.887203216552734,False
2020-06-09,880372.4078390906,TECL,43206.50412091651,0.0,17.887203216552734,False
2020-06-10,926920.7144590293,TECL,43206.50412091651,0.0,17.887203216552734,False
2020-06-11,766341.133786186,TECL,43206.50412091651,0.0,17.887203216552734,False
2020-06-12,793144.1187873435,TECL,43206.50412091651,0.0,17.887203216552734,False
2020-06-15,816338.9526007454,TECL,43206.50412091651,0.0,17.887203216552734,False
2020-06-16,871966.8486791992,TECL,43206.50412091651,0.0,17.887203216552734,False
2020-06-17,870499.7882346334,TECL,43206.50412091651,0.0,17.887203216552734,False
2020-06-18,883147.8897350874,TECL,43206.50412091651,0.0,17.887203216552734,False
2020-06-19,864155.9591164311,TECL,43206.50412091651,0.0,17.887203216552734,False
2020-06-22,912726.2742223751,TECL,43206.50412091651,0.0,17.887203216552734,False
2020-06-23,932590.5132786075,TECL,43206.50412091651,0.0,17.887203216552734,False
2020-06-24,868636.3363318964,TECL,43206.50412091651,0.0,17.887203216552734,False
2020-06-25,901782.9856315231,TECL,43206.50412091651,0.0,17.887203216552734,False
2020-06-26,850000.993205861,TECL,43206.50412091651,0.0,17.887203216552734,False
2020-06-29,874226.6920401073,TECL,43206.50412091651,0.0,17.887203216552734,False
2020-06-30,923391.9239727742,TECL,43206.50412091651,0.0,17.887203216552734,False
2020-07-01,926087.9627574036,TQQQ,76869.86306298412,0.0,12.047477722167969,False
2020-07-02,945774.5316246321,TQQQ,76869.86306298412,0.0,12.047477722167969,False
2020-07-06,1015272.3137232037,TQQQ,76869.86306298412,0.0,12.047477722167969,False
2020-07-07,995311.0567295094,TQQQ,76869.86306298412,0.0,12.047477722167969,False
2020-07-08,1033585.2220316608,TQQQ,76869.86306298412,0.0,12.047477722167969,False
2020-07-09,1059406.712316401,TQQQ,76869.86306298412,0.0,12.047477722167969,False
2020-07-10,1081840.1624482875,TQQQ,76869.86306298412,0.0,12.047477722167969,False
2020-07-13,1014997.698905552,TQQQ,76869.86306298412,0.0,12.047477722167969,False
2020-07-14,1036515.521949219,TQQQ,76869.86306298412,0.0,12.047477722167969,False
2020-07-15,1041643.1802608756,TQQQ,76869.86306298412,0.0,12.047477722167969,False
2020-07-16,1019301.292837811,TQQQ,76869.86306298412,0.0,12.047477722167969,False
2020-07-17,1024062.4803877375,TQQQ,76869.86306298412,0.0,12.047477722167969,False
2020-07-20,1111232.378450641,TQQQ,76869.86306298412,0.0,12.047477722167969,False
2020-07-21,1075705.3143395898,TQQQ,76869.86306298412,0.0,12.047477722167969,False
2020-07-22,1088158.062665815,TQQQ,76869.86306298412,0.0,12.047477722167969,False
2020-07-23,1002910.9814881722,TQQQ,76869.86306298412,0.0,12.047477722167969,False
2020-07-24,973244.1506681672,TQQQ,76869.86306298412,0.0,12.047477722167969,False
2020-07-27,1025527.5570377025,TQQQ,76869.86306298412,0.0,12.047477722167969,False
2020-07-28,986978.8502267136,TQQQ,76869.86306298412,0.0,12.047477722167969,False
2020-07-29,1020583.097452504,TQQQ,76869.86306298412,0.0,12.047477722167969,False
2020-07-30,1037156.3876021585,TQQQ,76869.86306298412,0.0,12.047477722167969,False
2020-07-31,1093102.6688686418,TQQQ,76869.86306298412,0.0,12.047477722167969,False
2020-08-03,1133849.0273089854,TQQQ,76869.86306298412,0.0,14.220171928405762,False
2020-08-04,1148590.989973387,TQQQ,76869.86306298412,0.0,14.220171928405762,False
2020-08-05,1157747.4807820227,TQQQ,76869.86306298412,0.0,14.220171928405762,False
2020-08-06,1202065.004792864,TQQQ,76869.86306298412,0.0,14.220171928405762,False
2020-08-07,1162783.5030760432,TQQQ,76869.86306298412,0.0,14.220171928405762,False
2020-08-10,1147125.8400146079,TQQQ,76869.86306298412,0.0,14.220171928405762,False
2020-08-11,1082023.4344835596,TQQQ,76869.86306298412,0.0,14.220171928405762,False
2020-08-12,1162966.7751113153,TQQQ,76869.86306298412,0.0,14.220171928405762,False
2020-08-13,1171116.1494317236,TQQQ,76869.86306298412,0.0,14.220171928405762,False
2020-08-14,1167728.1092788698,TQQQ,76869.86306298412,0.0,14.220171928405762,False
2020-08-17,1206276.962707487,TQQQ,76869.86306298412,0.0,14.220171928405762,False
2020-08-18,1241712.6107273444,TQQQ,76869.86306298412,0.0,14.220171928405762,False
2020-08-19,1217448.0530366474,TQQQ,76869.86306298412,0.0,14.220171928405762,False
2020-08-20,1267534.0277032705,TQQQ,76869.86306298412,0.0,14.220171928405762,False
2020-08-21,1293996.6035673926,TQQQ,76869.86306298412,0.0,14.220171928405762,False
2020-08-24,1317986.033278739,TQQQ,76869.86306298412,0.0,14.220171928405762,False
2020-08-25,1348752.129766306,TQQQ,76869.86306298412,0.0,14.220171928405762,False
2020-08-26,1435097.7435233698,TQQQ,76869.86306298412,0.0,14.220171928405762,False
2020-08-27,1422095.3990177705,TQQQ,76869.86306298412,0.0,14.220171928405762,False
2020-08-28,1444071.0356055475,TQQQ,76869.86306298412,0.0,14.220171928405762,False
2020-08-31,1477492.3773401363,TQQQ,76869.86306298412,0.0,14.220171928405762,False
2020-09-01,1554223.6867444548,TECL,42620.78535414123,0.0,36.466331481933594,False
2020-09-02,1594000.5283981313,TECL,42620.78535414123,0.0,36.466331481933594,False
2020-09-03,1398801.3180700091,CASH,0.0,1398801.3180700091,,False
2020-09-04,1398801.3180700091,CASH,0.0,1398801.3180700091,,False
2020-09-08,1398801.3180700091,CASH,0.0,1398801.3180700091,,False
2020-09-09,1398801.3180700091,CASH,0.0,1398801.3180700091,,False
2020-09-10,1398801.3180700091,CASH,0.0,1398801.3180700091,,False
2020-09-11,1398801.3180700091,CASH,0.0,1398801.3180700091,,False
2020-09-14,1398801.3180700091,CASH,0.0,1398801.3180700091,,False
2020-09-15,1398801.3180700091,CASH,0.0,1398801.3180700091,,False
2020-09-16,1398801.3180700091,CASH,0.0,1398801.3180700091,,False
2020-09-17,1398801.3180700091,CASH,0.0,1398801.3180700091,,False
2020-09-18,1398801.3180700091,CASH,0.0,1398801.3180700091,,False
2020-09-21,1398801.3180700091,CASH,0.0,1398801.3180700091,,False
2020-09-22,1398801.3180700091,CASH,0.0,1398801.3180700091,,False
2020-09-23,1398801.3180700091,CASH,0.0,1398801.3180700091,,False
2020-09-24,1398801.3180700091,CASH,0.0,1398801.3180700091,,False
2020-09-25,1398801.3180700091,CASH,0.0,1398801.3180700091,,False
2020-09-28,1398801.3180700091,CASH,0.0,1398801.3180700091,,False
2020-09-29,1398801.3180700091,CASH,0.0,1398801.3180700091,,False
2020-09-30,1398801.3180700091,CASH,0.0,1398801.3180700091,,False
2020-10-01,1398801.3180700091,TECL,48309.138109231484,0.0,28.955211639404297,False
2020-10-02,1291119.5076627503,TECL,48309.138109231484,0.0,28.955211639404297,False
2020-10-05,1378408.6454951633,TECL,48309.138109231484,0.0,28.955211639404297,False
2020-10-06,1313329.6884567516,TECL,48309.138109231484,0.0,28.955211639404297,False
2020-10-07,1383551.2953672803,TECL,48309.138109231484,0.0,28.955211639404297,False
2020-10-08,1404475.5372661469,TECL,48309.138109231484,0.0,28.955211639404297,False
2020-10-09,1471594.1577742277,TECL,48309.138109231484,0.0,28.955211639404297,False
2020-10-12,1590225.7986875225,TECL,48309.138109231484,0.0,28.955211639404297,False
2020-10-13,1561277.6150527627,TECL,48309.138109231484,0.0,28.955211639404297,False
2020-10-14,1535432.0492509762,TECL,48309.138109231484,0.0,28.955211639404297,False
2020-10-15,1513399.334658754,TECL,48309.138109231484,0.0,28.955211639404297,False
2020-10-16,1502138.8000860517,TECL,48309.138109231484,0.0,28.955211639404297,False
2020-10-19,1419725.9285383497,TECL,48309.138109231484,0.0,28.955211639404297,False
2020-10-20,1432759.3744238415,TECL,48309.138109231484,0.0,28.955211639404297,False
2020-10-21,1428414.8617478881,TECL,48309.138109231484,0.0,28.955211639404297,False
2020-10-22,1408953.2878069873,TECL,48309.138109231484,0.0,28.955211639404297,False
2020-10-23,1400840.5208278357,TECL,48309.138109231484,0.0,28.955211639404297,False
2020-10-26,1309561.2498688165,TECL,48309.138109231484,0.0,28.955211639404297,False
2020-10-27,1330619.0982020441,TECL,48309.138109231484,0.0,28.955211639404297,False
2020-10-28,1254013.732085443,CASH,0.0,1254013.732085443,,False
2020-10-29,1254013.732085443,CASH,0.0,1254013.732085443,,False
2020-10-30,1254013.732085443,CASH,0.0,1254013.732085443,,False
2020-11-02,1254013.732085443,TQQQ,89604.16139758081,0.0,13.995038986206055,False
2020-11-03,1317093.4804835608,TQQQ,89604.16139758081,0.0,13.995038986206055,False
2020-11-04,1495125.3692482274,TQQQ,89604.16139758081,0.0,13.995038986206055,False
2020-11-05,1610504.091926117,TQQQ,89604.16139758081,0.0,13.995038986206055,False
2020-11-06,1615947.459961458,TQQQ,89604.16139758081,0.0,13.995038986206055,False
2020-11-09,1517326.1073264321,TQQQ,89604.16139758081,0.0,13.995038986206055,False
2020-11-10,1435460.7574832714,TQQQ,89604.16139758081,0.0,13.995038986206055,False
2020-11-11,1531948.3440297188,TQQQ,89604.16139758081,0.0,13.995038986206055,False
2020-11-12,1509534.4857022185,TQQQ,89604.16139758081,0.0,13.995038986206055,False
2020-11-13,1549132.1254775485,TQQQ,89604.16139758081,0.0,13.995038986206055,False
2020-11-16,1584781.3152773532,TQQQ,89604.16139758081,0.0,13.995038986206055,False
2020-11-17,1570158.9076676916,TQQQ,89604.16139758081,0.0,13.995038986206055,False
2020-11-18,1533762.5151975413,TQQQ,89604.16139758081,0.0,13.995038986206055,False
2020-11-19,1571759.9585862183,TQQQ,89604.16139758081,0.0,13.995038986206055,False
2020-11-20,1539846.7821381425,TQQQ,89604.16139758081,0.0,13.995038986206055,False
2020-11-23,1540166.5479652735,TQQQ,89604.16139758081,0.0,13.995038986206055,False
2020-11-24,1603139.394425994,TQQQ,89604.16139758081,0.0,13.995038986206055,False
2020-11-25,1633345.2161904573,TQQQ,89604.16139758081,0.0,13.995038986206055,False
2020-11-27,1677959.9835025372,TQQQ,89604.16139758081,0.0,13.995038986206055,False
2020-11-30,1686605.6242813065,TQQQ,89604.16139758081,0.0,13.995038986206055,False
2020-12-01,1752886.8763441662,TQQQ,89604.16139758081,0.0,18.82284927368164,False
2020-12-02,1759931.6371107835,TQQQ,89604.16139758081,0.0,18.82284927368164,False
2020-12-03,1767082.530736112,TQQQ,89604.16139758081,0.0,18.82284927368164,False
2020-12-04,1788749.3572996415,TQQQ,89604.16139758081,0.0,18.82284927368164,False
2020-12-07,1819061.8246419402,TQQQ,89604.16139758081,0.0,18.82284927368164,False
2020-12-08,1835712.5491069683,TQQQ,89604.16139758081,0.0,18.82284927368164,False
2020-12-09,1712754.9832414114,TQQQ,89604.16139758081,0.0,18.82284927368164,False
2020-12-10,1733781.5945251798,TQQQ,89604.16139758081,0.0,18.82284927368164,False
2020-12-11,1721613.9151758512,TQQQ,89604.16139758081,0.0,18.82284927368164,False
2020-12-14,1758330.415285882,TQQQ,89604.16139758081,0.0,18.82284927368164,False
2020-12-15,1812978.0704204633,TQQQ,89604.16139758081,0.0,18.82284927368164,False
2020-12-16,1843396.8415278478,TQQQ,89604.16139758081,0.0,18.82284927368164,False
2020-12-17,1881180.9937608545,TQQQ,89604.16139758081,0.0,18.82284927368164,False
2020-12-18,1860687.9521790117,TQQQ,89604.16139758081,0.0,18.82284927368164,False
2020-12-21,1853750.1788029792,TQQQ,89604.16139758081,0.0,18.82284927368164,False
2020-12-22,1868372.9282253901,TQQQ,89604.16139758081,0.0,18.82284927368164,False
2020-12-23,1840195.0815035438,TQQQ,89604.16139758081,0.0,18.82284927368164,False
2020-12-24,1864103.6869844852,TQQQ,89604.16139758081,0.0,18.82284927368164,False
2020-12-28,1920031.7726785883,TQQQ,89604.16139758081,0.0,18.82284927368164,False
2020-12-29,1925689.115495099,TQQQ,89604.16139758081,0.0,18.82284927368164,False
2020-12-30,1925368.4951360943,TQQQ,89604.16139758081,0.0,18.82284927368164,False
2020-12-31,1940418.1686825957,TQQQ,89604.16139758081,0.0,18.82284927368164,False
2021-01-04,1855564.8626899258,TQQQ,89604.16139758081,0.0,21.655447006225586,False
2021-01-05,1902100.9594667875,TQQQ,89604.16139758081,0.0,21.655447006225586,False
2021-01-06,1823437.8823670552,TQQQ,89604.16139758081,0.0,21.655447006225586,False
2021-01-07,1955147.2218700924,TQQQ,89604.16139758081,0.0,21.655447006225586,False
2021-01-08,2030927.9629599024,TQQQ,89604.16139758081,0.0,21.655447006225586,False
2021-01-11,1941164.8586338172,TQQQ,89604.16139758081,0.0,21.655447006225586,False
2021-01-12,1932733.363542592,TQQQ,89604.16139758081,0.0,21.655447006225586,False
2021-01-13,1970303.1991816796,TQQQ,89604.16139758081,0.0,21.655447006225586,False
2021-01-14,1940311.5231047603,TQQQ,89604.16139758081,0.0,21.655447006225586,False
2021-01-15,1893134.6983290135,TQQQ,89604.16139758081,0.0,21.655447006225586,False
2021-01-19,1975213.1684214699,TQQQ,89604.16139758081,0.0,21.655447006225586,False
2021-01-20,2112899.616568149,TQQQ,89604.16139758081,0.0,21.655447006225586,False
2021-01-21,2165413.163801402,TQQQ,89604.16139758081,0.0,21.655447006225586,False
2021-01-22,2145773.6286549903,TQQQ,89604.16139758081,0.0,21.655447006225586,False
2021-01-25,2205330.9112166124,TQQQ,89604.16139758081,0.0,21.655447006225586,False
2021-01-26,2207678.9938991102,TQQQ,89604.16139758081,0.0,21.655447006225586,False
2021-01-27,2029647.3614940057,TQQQ,89604.16139758081,0.0,21.655447006225586,False
2021-01-28,2059532.904712214,TQQQ,89604.16139758081,0.0,21.655447006225586,False
2021-01-29,1931239.1291082753,TQQQ,89604.16139758081,0.0,21.655447006225586,False
2021-02-01,2073195.1603086088,TQQQ,89604.16139758081,0.0,21.553007125854492,False
2021-02-02,2173524.209439997,TQQQ,89604.16139758081,0.0,21.553007125854492,False
2021-02-03,2148548.293648829,TQQQ,89604.16139758081,0.0,21.553007125854492,False
2021-02-04,2224543.1804261836,TQQQ,89604.16139758081,0.0,21.553007125854492,False
2021-02-05,2247810.887001865,TQQQ,89604.16139758081,0.0,21.553007125854492,False
2021-02-08,2291785.609940558,TQQQ,89604.16139758081,0.0,21.553007125854492,False
2021-02-09,2290717.786911208,TQQQ,89604.16139758081,0.0,21.553007125854492,False
2021-02-10,2274494.670195769,TQQQ,89604.16139758081,0.0,21.553007125854492,False
2021-02-11,2311210.657586676,TQQQ,89604.16139758081,0.0,21.553007125854492,False
2021-02-12,2350488.70244125,TQQQ,89604.16139758081,0.0,21.553007125854492,False
2021-02-16,2330849.8509203377,TQQQ,89604.16139758081,0.0,21.553007125854492,False
2021-02-17,2298402.933863961,TQQQ,89604.16139758081,0.0,21.553007125854492,False
2021-02-18,2267450.2512419014,TQQQ,89604.16139758081,0.0,21.553007125854492,False
2021-02-19,2237564.3662109436,TQQQ,89604.16139758081,0.0,21.553007125854492,False
2021-02-22,2064229.0700772095,TQQQ,89604.16139758081,0.0,21.553007125854492,False
2021-02-23,2045870.6491158193,TQQQ,89604.16139758081,0.0,21.553007125854492,False
2021-02-24,2095181.923605644,TQQQ,89604.16139758081,0.0,21.553007125854492,False
2021-02-25,1876377.841005274,TQQQ,89604.16139758081,0.0,21.553007125854492,False
2021-02-26,1904555.6877271205,TQQQ,89604.16139758081,0.0,21.553007125854492,False
2021-03-01,2070633.444657691,TECL,51107.29915670263,0.0,40.51541519165039,False
2021-03-02,1973783.3347308056,TECL,51107.29915670263,0.0,40.51541519165039,False
2021-03-03,1863570.1001919222,CASH,0.0,1863570.1001919222,,False
2021-03-04,1863570.1001919222,CASH,0.0,1863570.1001919222,,False
2021-03-05,1863570.1001919222,CASH,0.0,1863570.1001919222,,False
2021-03-08,1863570.1001919222,CASH,0.0,1863570.1001919222,,False
2021-03-09,1863570.1001919222,CASH,0.0,1863570.1001919222,,False
2021-03-10,1863570.1001919222,CASH,0.0,1863570.1001919222,,False
2021-03-11,1863570.1001919222,CASH,0.0,1863570.1001919222,,False
2021-03-12,1863570.1001919222,CASH,0.0,1863570.1001919222,,False
2021-03-15,1863570.1001919222,CASH,0.0,1863570.1001919222,,False
2021-03-16,1863570.1001919222,CASH,0.0,1863570.1001919222,,False
2021-03-17,1863570.1001919222,CASH,0.0,1863570.1001919222,,False
2021-03-18,1863570.1001919222,CASH,0.0,1863570.1001919222,,False
2021-03-19,1863570.1001919222,CASH,0.0,1863570.1001919222,,False
2021-03-22,1863570.1001919222,CASH,0.0,1863570.1001919222,,False
2021-03-23,1863570.1001919222,CASH,0.0,1863570.1001919222,,False
2021-03-24,1863570.1001919222,CASH,0.0,1863570.1001919222,,False
2021-03-25,1863570.1001919222,CASH,0.0,1863570.1001919222,,False
2021-03-26,1863570.1001919222,CASH,0.0,1863570.1001919222,,False
2021-03-29,1863570.1001919222,CASH,0.0,1863570.1001919222,,False
2021-03-30,1863570.1001919222,CASH,0.0,1863570.1001919222,,False
2021-03-31,1863570.1001919222,CASH,0.0,1863570.1001919222,,False
2021-04-01,1863570.100191922,TQQQ,81568.762524991,0.0,22.846614837646484,False
2021-04-05,1975500.4685051716,TQQQ,81568.762524991,0.0,22.846614837646484,False
2021-04-06,1970837.2671365316,TQQQ,81568.762524991,0.0,22.846614837646484,False
2021-04-07,1985411.2299766662,TQQQ,81568.762524991,0.0,22.846614837646484,False
2021-04-08,2047400.863304117,TQQQ,81568.762524991,0.0,22.846614837646484,False
2021-04-09,2084516.8221507326,TQQQ,81568.762524991,0.0,22.846614837646484,False
2021-04-12,2076355.2473801896,TQQQ,81568.762524991,0.0,22.846614837646484,False
2021-04-13,2147477.8974207914,TQQQ,81568.762524991,0.0,22.846614837646484,False
2021-04-14,2072079.9071202814,TQQQ,81568.762524991,0.0,22.846614837646484,False
2021-04-15,2163606.88303741,TQQQ,81568.762524991,0.0,22.846614837646484,False
2021-04-16,2172740.055330629,TQQQ,81568.762524991,0.0,22.846614837646484,False
2021-04-19,2113471.361806873,TQQQ,81568.762524991,0.0,22.846614837646484,False
2021-04-20,2067221.6083467677,TQQQ,81568.762524991,0.0,22.846614837646484,False
2021-04-21,2119495.110867394,TQQQ,81568.762524991,0.0,22.846614837646484,False
2021-04-22,2042348.4006061358,TQQQ,81568.762524991,0.0,22.846614837646484,False
2021-04-23,2119300.6357827913,TQQQ,81568.762524991,0.0,22.846614837646484,False
2021-04-26,2161275.0489829886,TQQQ,81568.762524991,0.0,22.846614837646484,False
2021-04-27,2132903.779000589,TQQQ,81568.762524991,0.0,22.846614837646484,False
2021-04-28,2110944.741507713,TQQQ,81568.762524991,0.0,22.846614837646484,False
2021-04-29,2132126.345402381,TQQQ,81568.762524991,0.0,22.846614837646484,False
2021-04-30,2092095.4384076705,TQQQ,81568.762524991,0.0,22.846614837646484,False
2021-05-03,2057894.116549014,TECL,47126.93722669822,0.0,43.66704559326172,False
2021-05-04,1944412.2273479265,TECL,47126.93722669822,0.0,43.66704559326172,False
2021-05-05,1931802.808947808,TECL,47126.93722669822,0.0,43.66704559326172,False
2021-05-06,1990500.0650828555,TECL,47126.93722669822,0.0,43.66704559326172,False
2021-05-07,2037458.7329108866,TECL,47126.93722669822,0.0,43.66704559326172,False
2021-05-10,1887018.8792775506,TECL,47126.93722669822,0.0,43.66704559326172,False
2021-05-11,1778319.532280978,CASH,0.0,1778319.532280978,,False
2021-05-12,1778319.532280978,CASH,0.0,1778319.532280978,,False
2021-05-13,1778319.532280978,CASH,0.0,1778319.532280978,,False
2021-05-14,1778319.532280978,CASH,0.0,1778319.532280978,,False
2021-05-17,1778319.532280978,CASH,0.0,1778319.532280978,,False
2021-05-18,1778319.532280978,CASH,0.0,1778319.532280978,,False
2021-05-19,1778319.532280978,CASH,0.0,1778319.532280978,,False
2021-05-20,1778319.532280978,CASH,0.0,1778319.532280978,,False
2021-05-21,1778319.532280978,CASH,0.0,1778319.532280978,,False
2021-05-24,1778319.532280978,CASH,0.0,1778319.532280978,,False
2021-05-25,1778319.532280978,CASH,0.0,1778319.532280978,,False
2021-05-26,1778319.532280978,CASH,0.0,1778319.532280978,,False
2021-05-27,1778319.532280978,CASH,0.0,1778319.532280978,,False
2021-05-28,1778319.532280978,CASH,0.0,1778319.532280978,,False
2021-06-01,1778319.5322809778,TQQQ,73477.70862956559,0.0,24.202163696289062,False
2021-06-02,1787597.3038707857,TQQQ,73477.70862956559,0.0,24.202163696289062,False
2021-06-03,1731406.662429003,TQQQ,73477.70862956559,0.0,24.202163696289062,False
2021-06-04,1820156.2558039066,TQQQ,73477.70862956559,0.0,24.202163696289062,False
2021-06-07,1836260.7574830067,TQQQ,73477.70862956559,0.0,24.202163696289062,False
2021-06-08,1838361.2898181735,TQQQ,73477.70862956559,0.0,24.202163696289062,False
2021-06-09,1840461.9623009474,TQQQ,73477.70862956559,0.0,24.202163696289062,False
2021-06-10,1896827.648103994,TQQQ,73477.70862956559,0.0,24.202163696289062,False
2021-06-11,1911881.8836155108,TQQQ,73477.70862956559,0.0,24.202163696289062,False
2021-06-14,1965446.859638335,TQQQ,73477.70862956559,0.0,24.202163696289062,False
2021-06-15,1929036.6514621943,TQQQ,73477.70862956559,0.0,24.202163696289062,False
2021-06-16,1908380.5759474114,TQQQ,73477.70862956559,0.0,24.202163696289062,False
2021-06-17,1979625.3127531037,TQQQ,73477.70862956559,0.0,24.202163696289062,False
2021-06-18,1932362.3541786012,TQQQ,73477.70862956559,0.0,24.202163696289062,False
2021-06-21,1967722.2961871587,TQQQ,73477.70862956559,0.0,24.202163696289062,False
2021-06-22,2022687.486952487,TQQQ,73477.70862956559,0.0,24.202163696289062,False
2021-06-23,2026188.514325372,TQQQ,73477.70862956559,0.0,24.202163696289062,False
2021-06-24,2063473.523865011,TQQQ,73477.70862956559,0.0,24.202163696289062,False
2021-06-25,2056997.302941068,TQQQ,73477.70862956559,0.0,24.202163696289062,False
2021-06-28,2129817.2988505284,TQQQ,73477.70862956559,0.0,24.202163696289062,False
2021-06-29,2153799.2172293253,TQQQ,73477.70862956559,0.0,24.202163696289062,False
2021-06-30,2144346.5414258605,TQQQ,73477.70862956559,0.0,24.202163696289062,False
2021-07-01,2145396.5272982297,TECL,41688.06360896935,0.0,51.46308898925781,False
2021-07-02,2235781.6255988623,TECL,41688.06360896935,0.0,51.46308898925781,False
2021-07-06,2259627.7755705,TECL,41688.06360896935,0.0,51.46308898925781,False
2021-07-07,2295397.318582641,TECL,41688.06360896935,0.0,51.46308898925781,False
2021-07-08,2231550.7031580796,TECL,41688.06360896935,0.0,51.46308898925781,False
2021-07-09,2291551.083282781,TECL,41688.06360896935,0.0,51.46308898925781,False
2021-07-12,2296550.902923383,TECL,41688.06360896935,0.0,51.46308898925781,False
2021-07-13,2328089.5234947405,TECL,41688.06360896935,0.0,51.46308898925781,False
2021-07-14,2380013.0639334833,TECL,41688.06360896935,0.0,51.46308898925781,False
2021-07-15,2318089.7251861943,TECL,41688.06360896935,0.0,51.46308898925781,False
2021-07-16,2248089.228698262,TECL,41688.06360896935,0.0,51.46308898925781,False
2021-07-19,2157703.6533156023,TECL,41688.06360896935,0.0,51.46308898925781,False
2021-07-20,2250012.18732085,TECL,41688.06360896935,0.0,51.46308898925781,False
2021-07-21,2316550.976622503,TECL,41688.06360896935,0.0,51.46308898925781,False
2021-07-22,2367705.301806742,TECL,41688.06360896935,0.0,51.46308898925781,False
2021-07-23,2435782.5216174014,TECL,41688.06360896935,0.0,51.46308898925781,False
2021-07-26,2433859.4039674713,TECL,41688.06360896935,0.0,51.46308898925781,False
2021-07-27,2363858.907479539,TECL,41688.06360896935,0.0,51.46308898925781,False
2021-07-28,2352705.2067755666,TECL,41688.06360896935,0.0,51.46308898925781,False
2021-07-29,2388089.903619442,TECL,41688.06360896935,0.0,51.46308898925781,False
2021-07-30,2383089.9249514975,TECL,41688.06360896935,0.0,51.46308898925781,False
2021-08-02,2354628.3244254966,TQQQ,74481.4772979868,0.0,31.613609313964844,False
2021-08-03,2395617.2306789937,TQQQ,74481.4772979868,0.0,31.613609313964844,False
2021-08-04,2407506.1273772093,TQQQ,74481.4772979868,0.0,31.613609313964844,False
2021-08-05,2452752.9202075023,TQQQ,74481.4772979868,0.0,31.613609313964844,False
2021-08-06,2420813.656644352,TQQQ,74481.4772979868,0.0,31.613609313964844,False
2021-08-09,2433767.1670489097,TQQQ,74481.4772979868,0.0,31.613609313964844,False
2021-08-10,2397391.3027319442,TQQQ,74481.4772979868,0.0,31.613609313964844,False
2021-08-11,2384438.928824537,TQQQ,74481.4772979868,0.0,31.613609313964844,False
2021-08-12,2409280.767678735,TQQQ,74481.4772979868,0.0,31.613609313964844,False
2021-08-13,2433412.0116891745,TQQQ,74481.4772979868,0.0,31.613609313964844,False
2021-08-16,2437671.0347631215,TQQQ,74481.4772979868,0.0,31.613609313964844,False
2021-08-17,2373615.3561433842,TQQQ,74481.4772979868,0.0,31.613609313964844,False
2021-08-18,2304591.054040948,TQQQ,74481.4772979868,0.0,31.613609313964844,False
2021-08-19,2337417.21156843,TQQQ,74481.4772979868,0.0,31.613609313964844,False
2021-08-20,2409634.7865413195,TQQQ,74481.4772979868,0.0,31.613609313964844,False
2021-08-23,2516986.602693539,TQQQ,74481.4772979868,0.0,31.613609313964844,False
2021-08-24,2541827.305050586,TQQQ,74481.4772979868,0.0,31.613609313964844,False
2021-08-25,2544666.8431827426,TQQQ,74481.4772979868,0.0,31.613609313964844,False
2021-08-26,2501548.7095165597,TQQQ,74481.4772979868,0.0,31.613609313964844,False
2021-08-27,2574654.1728887875,TQQQ,74481.4772979868,0.0,31.613609313964844,False
2021-08-30,2660002.5518218153,TQQQ,74481.4772979868,0.0,31.613609313964844,False
2021-08-31,2652550.5400017025,TQQQ,74481.4772979868,0.0,31.613609313964844,False
2021-09-01,2667101.113027919,TQQQ,74481.4772979868,0.0,35.61355972290039,False
2021-09-02,2663374.5388692874,TQQQ,74481.4772979868,0.0,35.61355972290039,False
2021-09-03,2687329.057572722,TQQQ,74481.4772979868,0.0,35.61355972290039,False
2021-09-07,2698329.781747311,TQQQ,74481.4772979868,0.0,35.61355972290039,False
2021-09-08,2670649.5412581074,TQQQ,74481.4772979868,0.0,35.61355972290039,False
2021-09-09,2642080.84412099,TQQQ,74481.4772979868,0.0,35.61355972290039,False
2021-09-10,2582638.9177485034,TQQQ,74481.4772979868,0.0,35.61355972290039,False
2021-09-13,2576784.252674337,TQQQ,74481.4772979868,0.0,35.61355972290039,False
2021-09-14,2554604.09014814,TQQQ,74481.4772979868,0.0,35.61355972290039,False
2021-09-15,2611207.6148856212,TQQQ,74481.4772979868,0.0,35.61355972290039,False
2021-09-16,2616352.2533646044,TQQQ,74481.4772979868,0.0,35.61355972290039,False
2021-09-17,2523906.4497226244,TQQQ,74481.4772979868,0.0,35.61355972290039,False
2021-09-20,2387295.4860015325,CASH,0.0,2387295.4860015325,,False
2021-09-21,2387295.4860015325,CASH,0.0,2387295.4860015325,,False
2021-09-22,2387295.4860015325,CASH,0.0,2387295.4860015325,,False
2021-09-23,2387295.4860015325,CASH,0.0,2387295.4860015325,,False
2021-09-24,2387295.4860015325,CASH,0.0,2387295.4860015325,,False
2021-09-27,2387295.4860015325,CASH,0.0,2387295.4860015325,,False
2021-09-28,2387295.4860015325,CASH,0.0,2387295.4860015325,,False
2021-09-29,2387295.4860015325,CASH,0.0,2387295.4860015325,,False
2021-09-30,2387295.4860015325,CASH,0.0,2387295.4860015325,,False
2021-10-01,2387295.4860015325,TECL,43767.777632242076,0.0,54.54458999633789,False
2021-10-04,2220524.331838737,TECL,43767.777632242076,0.0,54.54458999633789,False
2021-10-05,2315821.895702018,TECL,43767.777632242076,0.0,54.54458999633789,False
2021-10-06,2363067.4672493585,TECL,43767.777632242076,0.0,54.54458999633789,False
2021-10-07,2428080.174633243,TECL,43767.777632242076,0.0,54.54458999633789,False
2021-10-08,2402236.476009902,TECL,43767.777632242076,0.0,54.54458999633789,False
2021-10-11,2361048.2430722485,TECL,43767.777632242076,0.0,54.54458999633789,False
2021-10-12,2325513.470516695,TECL,43767.777632242076,0.0,54.54458999633789,False
2021-10-13,2366297.658265941,TECL,43767.777632242076,0.0,54.54458999633789,False
2021-10-14,2524993.2514068694,TECL,43767.777632242076,0.0,54.54458999633789,False
2021-10-15,2587582.689425236,TECL,43767.777632242076,0.0,54.54458999633789,False
2021-10-18,2652596.5655348725,TECL,43767.777632242076,0.0,54.54458999633789,False
2021-10-19,2728510.812807977,TECL,43767.777632242076,0.0,54.54458999633789,False
2021-10-20,2707109.774688086,TECL,43767.777632242076,0.0,54.54458999633789,False
2021-10-21,2737798.8433167115,TECL,43767.777632242076,0.0,54.54458999633789,False
2021-10-22,2709532.2092494955,TECL,43767.777632242076,0.0,54.54458999633789,False
2021-10-25,2738606.265850241,TECL,43767.777632242076,0.0,54.54458999633789,False
2021-10-26,2760816.0621902347,TECL,43767.777632242076,0.0,54.54458999633789,False
2021-10-27,2749508.8075043904,TECL,43767.777632242076,0.0,54.54458999633789,False
2021-10-28,2830269.760469353,TECL,43767.777632242076,0.0,54.54458999633789,False
2021-10-29,2869438.7692298964,TECL,43767.777632242076,0.0,54.54458999633789,False
2021-11-01,2868227.6354296026,TECL,43767.777632242076,0.0,65.56053161621094,False
2021-11-02,2936470.1999084265,TECL,43767.777632242076,0.0,65.56053161621094,False
2021-11-03,2987753.5519667007,TECL,43767.777632242076,0.0,65.56053161621094,False
2021-11-04,3125451.8182545025,TECL,43767.777632242076,0.0,65.56053161621094,False
2021-11-05,3168254.896259215,TECL,43767.777632242076,0.0,65.56053161621094,False
2021-11-08,3223576.362750066,TECL,43767.777632242076,0.0,65.56053161621094,False
2021-11-09,3185618.8217114597,TECL,43767.777632242076,0.0,65.56053161621094,False
2021-11-10,3022884.780216311,TECL,43767.777632242076,0.0,65.56053161621094,False
2021-11-11,3071340.817720659,TECL,43767.777632242076,0.0,65.56053161621094,False
2021-11-12,3180368.905635302,TECL,43767.777632242076,0.0,65.56053161621094,False
2021-11-15,3170677.497781446,TECL,43767.777632242076,0.0,65.56053161621094,False
2021-11-16,3269205.7535437746,TECL,43767.777632242076,0.0,65.56053161621094,False
2021-11-17,3238920.3961819136,TECL,43767.777632242076,0.0,65.56053161621094,False
2021-11-18,3332603.1149781356,TECL,43767.777632242076,0.0,65.56053161621094,False
2021-11-19,3411345.5116092744,TECL,43767.777632242076,0.0,65.56053161621094,False
2021-11-22,3297472.554571812,TECL,43767.777632242076,0.0,65.56053161621094,False
2021-11-23,3274455.335698289,TECL,43767.777632242076,0.0,65.56053161621094,False
2021-11-24,3342698.568020399,TECL,43767.777632242076,0.0,65.56053161621094,False
2021-11-26,3094358.7044374687,TECL,43767.777632242076,0.0,65.56053161621094,False
2021-11-29,3321700.573323986,TECL,43767.777632242076,0.0,65.56053161621094,False
2021-11-30,3239324.441370322,TECL,43767.777632242076,0.0,65.56053161621094,False
2021-12-01,3104049.778369681,TQQQ,84006.64542080458,0.0,36.950050354003906,False
2021-12-02,3162488.849486845,TQQQ,84006.64542080458,0.0,36.950050354003906,False
2021-12-03,3003583.670507991,TQQQ,84006.64542080458,0.0,36.950050354003906,False
2021-12-06,3073830.407858886,TQQQ,84006.64542080458,0.0,36.950050354003906,False
2021-12-07,3351013.1775452457,TQQQ,84006.64542080458,0.0,36.950050354003906,False
2021-12-08,3397643.3005889975,TQQQ,84006.64542080458,0.0,36.950050354003906,False
2021-12-09,3250946.683204521,TQQQ,84006.64542080458,0.0,36.950050354003906,False
2021-12-10,3351613.398976494,TQQQ,84006.64542080458,0.0,36.950050354003906,False
2021-12-13,3207518.595687215,TQQQ,84006.64542080458,0.0,36.950050354003906,False
2021-12-14,3112055.508105637,TQQQ,84006.64542080458,0.0,36.950050354003906,False
2021-12-15,3317990.423649207,TQQQ,84006.64542080458,0.0,36.950050354003906,False
2021-12-16,3064824.202250875,TQQQ,84006.64542080458,0.0,36.950050354003906,False
2021-12-17,3017992.8303769985,TQQQ,84006.64542080458,0.0,36.950050354003906,False
2021-12-20,2927733.6914457367,TQQQ,84006.64542080458,0.0,36.950050354003906,False
2021-12-21,3123463.240358482,TQQQ,84006.64542080458,0.0,36.950050354003906,False
2021-12-22,3234936.1851123697,TQQQ,84006.64542080458,0.0,36.950050354003906,False
2021-12-23,3311786.960506599,TQQQ,84006.64542080458,0.0,36.950050354003906,False
2021-12-27,3470090.956674443,TQQQ,84006.64542080458,0.0,36.950050354003906,False
2021-12-28,3429265.0037122555,TQQQ,84006.64542080458,0.0,36.950050354003906,False
2021-12-29,3423860.7676115762,TQQQ,84006.64542080458,0.0,36.950050354003906,False
2021-12-30,3391839.450967354,TQQQ,84006.64542080458,0.0,36.950050354003906,False
2021-12-31,3328798.254930725,TQQQ,84006.64542080458,0.0,36.950050354003906,False
2022-01-03,3424862.2048633923,TECL,41724.94129051043,0.0,82.08189392089844,False
2022-01-04,3316337.9475064497,TECL,41724.94129051043,0.0,82.08189392089844,False
2022-01-05,3082375.9843770536,CASH,0.0,3082375.9843770536,,False
2022-01-06,3082375.9843770536,CASH,0.0,3082375.9843770536,,False
2022-01-07,3082375.9843770536,CASH,0.0,3082375.9843770536,,False
2022-01-10,3082375.9843770536,CASH,0.0,3082375.9843770536,,False
2022-01-11,3082375.9843770536,CASH,0.0,3082375.9843770536,,False
2022-01-12,3082375.9843770536,CASH,0.0,3082375.9843770536,,False
2022-01-13,3082375.9843770536,CASH,0.0,3082375.9843770536,,False
2022-01-14,3082375.9843770536,CASH,0.0,3082375.9843770536,,False
2022-01-18,3082375.9843770536,CASH,0.0,3082375.9843770536,,False
2022-01-19,3082375.9843770536,CASH,0.0,3082375.9843770536,,False
2022-01-20,3082375.9843770536,CASH,0.0,3082375.9843770536,,False
2022-01-21,3082375.9843770536,CASH,0.0,3082375.9843770536,,False
2022-01-24,3082375.9843770536,CASH,0.0,3082375.9843770536,,False
2022-01-25,3082375.9843770536,CASH,0.0,3082375.9843770536,,False
2022-01-26,3082375.9843770536,CASH,0.0,3082375.9843770536,,False
2022-01-27,3082375.9843770536,CASH,0.0,3082375.9843770536,,False
2022-01-28,3082375.9843770536,CASH,0.0,3082375.9843770536,,False
2022-01-31,3082375.9843770536,CASH,0.0,3082375.9843770536,,False
2022-02-01,3082375.9843770536,GLD,18322.392335842353,0.0,168.22999572753906,False
2022-02-02,3093552.6548850182,GLD,18322.392335842353,0.0,168.22999572753906,False
2022-02-03,3089155.4596540285,GLD,18322.392335842353,0.0,168.22999572753906,False
2022-02-04,3093919.1810134402,GLD,18322.392335842353,0.0,168.22999572753906,False
2022-02-07,3116822.1714332434,GLD,18322.392335842353,0.0,168.22999572753906,False
2022-02-08,3126349.893729587,GLD,18322.392335842353,0.0,168.22999572753906,False
2022-02-09,3136976.914833678,GLD,18322.392335842353,0.0,168.22999572753906,False
2022-02-10,3125067.1920688683,GLD,18322.392335842353,0.0,168.22999572753906,False
2022-02-11,3184614.967160356,GLD,18322.392335842353,0.0,168.22999572753906,False
2022-02-14,3201654.937413,GLD,18322.392335842353,0.0,168.22999572753906,False
2022-02-15,3171239.6990368967,GLD,18322.392335842353,0.0,168.22999572753906,False
2022-02-16,3203853.5350284944,GLD,18322.392335842353,0.0,168.22999572753906,False
2022-02-17,3247644.041528057,GLD,18322.392335842353,0.0,168.22999572753906,False
2022-02-18,3245262.0410595913,GLD,18322.392335842353,0.0,168.22999572753906,False
2022-02-22,3252041.5163365663,GLD,18322.392335842353,0.0,168.22999572753906,False
2022-02-23,3266699.2065432244,GLD,18322.392335842353,0.0,168.22999572753906,False
2022-02-24,3245628.5671880133,GLD,18322.392335842353,0.0,168.22999572753906,False
2022-02-25,3234818.422808471,GLD,18322.392335842353,0.0,168.22999572753906,False
2022-02-28,3268348.434332365,GLD,18322.392335842353,0.0,168.22999572753906,False
2022-03-01,3327712.806570882,GLD,18322.392335842353,0.0,178.3800048828125,False
2022-03-02,3293083.4962392403,GLD,18322.392335842353,0.0,178.3800048828125,False
2022-03-03,3312688.5902358014,GLD,18322.392335842353,0.0,178.3800048828125,False
2022-03-04,3365456.890050314,GLD,18322.392335842353,0.0,178.3800048828125,False
2022-03-07,3415477.222422978,GLD,18322.392335842353,0.0,178.3800048828125,False
2022-03-08,3508921.2555892617,GLD,18322.392335842353,0.0,178.3800048828125,False
2022-03-09,3404667.0780434352,GLD,18322.392335842353,0.0,178.3800048828125,False
2022-03-10,3415293.819570007,GLD,18322.392335842353,0.0,178.3800048828125,False
2022-03-11,3391291.5303424564,GLD,18322.392335842353,0.0,178.3800048828125,False
2022-03-14,3340172.178739565,GLD,18322.392335842353,0.0,178.3800048828125,False
2022-03-15,3277692.7537757377,GLD,18322.392335842353,0.0,178.3800048828125,False
2022-03-16,3298213.743727075,GLD,18322.392335842353,0.0,178.3800048828125,False
2022-03-17,3314337.5384474224,GLD,18322.392335842353,0.0,178.3800048828125,False
2022-03-18,3285205.001732038,GLD,18322.392335842353,0.0,178.3800048828125,False
2022-03-21,3310306.5897673354,GLD,18322.392335842353,0.0,178.3800048828125,False
2022-03-22,3286304.300539785,GLD,18322.392335842353,0.0,178.3800048828125,False
2022-03-23,3331194.105847095,GLD,18322.392335842353,0.0,178.3800048828125,False
2022-03-24,3355379.797927616,GLD,18322.392335842353,0.0,178.3800048828125,False
2022-03-25,3341638.0036757346,GLD,18322.392335842353,0.0,178.3800048828125,False
2022-03-28,3280807.5269235284,GLD,18322.392335842353,0.0,178.3800048828125,False
2022-03-29,3282273.351859698,GLD,18322.392335842353,0.0,178.3800048828125,False
2022-03-30,3308657.6415557144,GLD,18322.392335842353,0.0,178.3800048828125,False
2022-03-31,3309940.063638913,GLD,18322.392335842353,0.0,178.3800048828125,False
2022-04-01,3288869.4242837024,GLD,18322.392335842353,0.0,180.64999389648438,False
2022-04-04,3304809.816151079,GLD,18322.392335842353,0.0,180.64999389648438,False
2022-04-05,3284105.70292429,GLD,18322.392335842353,0.0,180.64999389648438,False
2022-04-06,3291801.0741560417,GLD,18322.392335842353,0.0,180.64999389648438,False
2022-04-07,3304260.166747205,GLD,18322.392335842353,0.0,180.64999389648438,False
2022-04-08,3324964.5595515133,GLD,18322.392335842353,0.0,180.64999389648438,False
2022-04-11,3341454.6008227635,GLD,18322.392335842353,0.0,180.64999389648438,False
2022-04-12,3367106.1178394547,GLD,18322.392335842353,0.0,180.64999389648438,False
2022-04-13,3383229.6329822824,GLD,18322.392335842353,0.0,180.64999389648438,False
2022-04-14,3372052.9624743178,GLD,18322.392335842353,0.0,180.64999389648438,False
2022-04-18,3382496.8603029577,GLD,18322.392335842353,0.0,180.64999389648438,False
2022-04-19,3331377.5087000662,GLD,18322.392335842353,0.0,180.64999389648438,False
2022-04-20,3347684.426695865,GLD,18322.392335842353,0.0,180.64999389648438,False
2022-04-21,3335774.7039310555,GLD,18322.392335842353,0.0,180.64999389648438,False
2022-04-22,3303343.991214909,GLD,18322.392335842353,0.0,180.64999389648438,False
2022-04-25,3243979.6189763923,GLD,18322.392335842353,0.0,180.64999389648438,False
2022-04-26,3248926.7431887756,GLD,18322.392335842353,0.0,180.64999389648438,False
2022-04-27,3224374.5249798317,GLD,18322.392335842353,0.0,180.64999389648438,False
2022-04-28,3241780.741783378,GLD,18322.392335842353,0.0,180.64999389648438,False
2022-04-29,3241414.4952324755,GLD,18322.392335842353,0.0,180.64999389648438,False
2022-05-02,3181317.070737114,GLD,18322.392335842353,0.0,176.91000366210938,False
2022-05-03,3189745.2146481904,GLD,18322.392335842353,0.0,176.91000366210938,False
2022-05-04,3221076.6285565896,GLD,18322.392335842353,0.0,176.91000366210938,False
2022-05-05,3208800.6592408777,GLD,18322.392335842353,0.0,176.91000366210938,False
2022-05-06,3214114.0300041633,GLD,18322.392335842353,0.0,176.91000366210938,False
2022-05-09,3167575.276485232,GLD,18322.392335842353,0.0,176.91000366210938,False
2022-05-10,3140824.460660794,GLD,18322.392335842353,0.0,176.91000366210938,False
2022-05-11,3166475.977677485,GLD,18322.392335842353,0.0,176.91000366210938,False
2022-05-12,3117921.4702409906,GLD,18322.392335842353,0.0,176.91000366210938,False
2022-05-13,3092636.479352722,GLD,18322.392335842353,0.0,176.91000366210938,False
2022-05-16,3122135.542196529,GLD,18322.392335842353,0.0,176.91000366210938,False
2022-05-17,3102530.727777488,GLD,18322.392335842353,0.0,176.91000366210938,False
2022-05-18,3104179.675989109,GLD,18322.392335842353,0.0,176.91000366210938,False
2022-05-19,3149802.5335532636,GLD,18322.392335842353,0.0,176.91000366210938,False
2022-05-20,3152001.1311687585,GLD,18322.392335842353,0.0,176.91000366210938,False
2022-05-23,3166659.1009529363,GLD,18322.392335842353,0.0,176.91000366210938,False
2022-05-24,3190478.2669050354,GLD,18322.392335842353,0.0,176.91000366210938,False
2022-05-25,3171239.6990368967,GLD,18322.392335842353,0.0,176.91000366210938,False
2022-05-26,3165376.3992922176,GLD,18322.392335842353,0.0,176.91000366210938,False
2022-05-27,3167025.6270813583,GLD,18322.392335842353,0.0,176.91000366210938,False
2022-05-31,3135694.2131729596,GLD,18322.392335842353,0.0,176.91000366210938,False
2022-06-01,3155665.553720423,SHY,43442.82414151598,0.0,72.63951218826776,False
2022-06-02,3156423.9066186952,SHY,43442.82414151598,0.0,72.63951218826776,False
2022-06-03,3155283.5413717544,SHY,43442.82414151598,0.0,72.63951218826776,False
2022-06-06,3151108.7636260083,SHY,43442.82414151598,0.0,72.63951218826776,False
2022-06-07,3151487.7732575247,SHY,43442.82414151598,0.0,72.63951218826776,False
2022-06-08,3149210.7127512735,SHY,43442.82414151598,0.0,72.63951218826776,False
2022-06-09,3146933.9858802613,SHY,43442.82414151598,0.0,72.63951218826776,False
2022-06-10,3133646.9624866415,SHY,43442.82414151598,0.0,72.63951218826776,False
2022-06-13,3117703.868955253,SHY,43442.82414151598,0.0,72.63951218826776,False
2022-06-14,3111630.3730642945,SHY,43442.82414151598,0.0,72.63951218826776,False
2022-06-15,3123778.699387169,SHY,43442.82414151598,0.0,72.63951218826776,False
2022-06-16,3127953.8107681544,SHY,43442.82414151598,0.0,72.63951218826776,False
2022-06-17,3127194.790599404,SHY,43442.82414151598,0.0,72.63951218826776,False
2022-06-21,3126054.7589877034,SHY,43442.82414151598,0.0,72.63951218826776,False
2022-06-22,3135166.337365098,SHY,43442.82414151598,0.0,72.63951218826776,False
2022-06-23,3137823.0747733437,SHY,43442.82414151598,0.0,72.63951218826776,False
2022-06-24,3137064.388239833,SHY,43442.82414151598,0.0,72.63951218826776,False
2022-06-27,3133646.9624866415,SHY,43442.82414151598,0.0,72.63951218826776,False
2022-06-28,3132887.608682652,SHY,43442.82414151598,0.0,72.63951218826776,False
2022-06-29,3136683.376796882,SHY,43442.82414151598,0.0,72.63951218826776,False
2022-06-30,3142758.207228798,SHY,43442.82414151598,0.0,72.63951218826776,False
2022-07-01,3152219.7689719154,SHY,43442.82414151598,0.0,72.34240106009665,False
2022-07-05,3151839.091164203,SHY,43442.82414151598,0.0,72.34240106009665,False
2022-07-06,3143098.515172589,SHY,43442.82414151598,0.0,72.34240106009665,False
2022-07-07,3140819.4528549034,SHY,43442.82414151598,0.0,72.34240106009665,False
2022-07-08,3137019.3474825667,SHY,43442.82414151598,0.0,72.34240106009665,False
2022-07-11,3138159.3790942673,SHY,43442.82414151598,0.0,72.34240106009665,False
2022-07-12,3139680.0885136807,SHY,43442.82414151598,0.0,72.34240106009665,False
2022-07-13,3136260.9945842936,SHY,43442.82414151598,0.0,72.34240106009665,False
2022-07-14,3135119.9620668762,SHY,43442.82414151598,0.0,72.34240106009665,False
2022-07-15,3137401.026195995,SHY,43442.82414151598,0.0,72.34240106009665,False
2022-07-18,3135499.305333631,SHY,43442.82414151598,0.0,72.34240106009665,False
2022-07-19,3132081.87958044,SHY,43442.82414151598,0.0,72.34240106009665,False
2022-07-20,3131700.53450225,SHY,43442.82414151598,0.0,72.34240106009665,False
2022-07-21,3140441.4441291033,SHY,43442.82414151598,0.0,72.34240106009665,False
2022-07-22,3148419.663599578,SHY,43442.82414151598,0.0,72.34240106009665,False
2022-07-25,3145759.5898389416,SHY,43442.82414151598,0.0,72.34240106009665,False
2022-07-26,3144239.5476900074,SHY,43442.82414151598,0.0,72.34240106009665,False
2022-07-27,3149179.017403567,SHY,43442.82414151598,0.0,72.34240106009665,False
2022-07-28,3156017.872532818,SHY,43442.82414151598,0.0,72.34240106009665,False
2022-07-29,3155639.1965365405,SHY,43442.82414151598,0.0,72.34240106009665,False
2022-08-01,3155563.461337285,SHY,43442.82414151598,0.0,72.6389054785429,False
2022-08-02,3144531.8121593804,SHY,43442.82414151598,0.0,72.6389054785429,False
2022-08-03,3145672.51104156,SHY,43442.82414151598,0.0,72.6389054785429,False
2022-08-04,3149856.29693876,SHY,43442.82414151598,0.0,72.6389054785429,False
2022-08-05,3136924.595074687,SHY,43442.82414151598,0.0,72.6389054785429,False
2022-08-08,3139967.682089708,SHY,43442.82414151598,0.0,72.6389054785429,False
2022-08-09,3136924.595074687,SHY,43442.82414151598,0.0,72.6389054785429,False
2022-08-10,3139967.682089708,SHY,43442.82414151598,0.0,72.6389054785429,False
2022-08-11,3138826.3159370506,SHY,43442.82414151598,0.0,72.6389054785429,False
2022-08-12,3139586.670646757,SHY,43442.82414151598,0.0,72.6389054785429,False
2022-08-15,3142250.4143950227,SHY,43442.82414151598,0.0,72.6389054785429,False
2022-08-16,3139586.670646757,SHY,43442.82414151598,0.0,72.6389054785429,False
2022-08-17,3136924.595074687,SHY,43442.82414151598,0.0,72.6389054785429,False
2022-08-18,3141488.7251443597,SHY,43442.82414151598,0.0,72.6389054785429,False
2022-08-19,3139207.3273800015,SHY,43442.82414151598,0.0,72.6389054785429,False
2022-08-22,3135022.540577084,SHY,43442.82414151598,0.0,72.6389054785429,False
2022-08-23,3136545.5854431707,SHY,43442.82414151598,0.0,72.6389054785429,False
2022-08-24,3133120.819714721,SHY,43442.82414151598,0.0,72.6389054785429,False
2022-08-25,3135022.540577084,SHY,43442.82414151598,0.0,72.6389054785429,False
2022-08-26,3134262.5195026174,SHY,43442.82414151598,0.0,72.6389054785429,False
2022-08-29,3131980.1208325415,SHY,43442.82414151598,0.0,72.6389054785429,False
2022-08-30,3130459.077777889,SHY,43442.82414151598,0.0,72.6389054785429,False
2022-08-31,3130078.3999701776,SHY,43442.82414151598,0.0,72.6389054785429,False
2022-09-01,3127791.6640419955,IEF,35710.58338945442,0.0,87.58724633341201,False
2022-09-02,3145313.660571648,IEF,35710.58338945442,0.0,87.58724633341201,False
2022-09-06,3110268.572182186,IEF,35710.58338945442,0.0,87.58724633341201,False
2022-09-07,3130608.3055420276,IEF,35710.58338945442,0.0,87.58724633341201,False
2022-09-08,3119030.3919446305,IEF,35710.58338945442,0.0,87.58724633341201,False
2022-09-09,3119343.6563696777,IEF,35710.58338945442,0.0,87.58724633341201,False
2022-09-12,3111833.251312186,IEF,35710.58338945442,0.0,87.58724633341201,False
2022-09-13,3094310.980949994,IEF,35710.58338945442,0.0,87.58724633341201,False
2022-09-14,3095874.564749837,IEF,35710.58338945442,0.0,87.58724633341201,False
2022-09-15,3085236.718260121,IEF,35710.58338945442,0.0,87.58724633341201,False
2022-09-16,3087739.5476700263,IEF,35710.58338945442,0.0,87.58724633341201,False
2022-09-19,3078978.0017401217,IEF,35710.58338945442,0.0,87.58724633341201,False
2022-09-20,3059891.3260804694,IEF,35710.58338945442,0.0,87.58724633341201,False
2022-09-21,3072094.6731978036,IEF,35710.58338945442,0.0,87.58724633341201,False
2022-09-22,3025784.6618034523,IEF,35710.58338945442,0.0,87.58724633341201,False
2022-09-23,3029539.7274159286,IEF,35710.58338945442,0.0,87.58724633341201,False
2022-09-26,2979161.659816594,IEF,35710.58338945442,0.0,87.58724633341201,False
2022-09-27,2958822.4741218314,IEF,35710.58338945442,0.0,87.58724633341201,False
2022-09-28,3025472.766541102,IEF,35710.58338945442,0.0,87.58724633341201,False
2022-09-29,3011391.2020361815,IEF,35710.58338945442,0.0,87.58724633341201,False
2022-09-30,3003567.532553643,IEF,35710.58338945442,0.0,87.58724633341201,False
2022-10-03,3039215.052529734,SHY,42597.25968471979,0.0,71.34766590677994,False
2022-10-04,3040336.166155379,SHY,42597.25968471979,0.0,71.34766590677994,False
2022-10-05,3037346.7479145997,SHY,42597.25968471979,0.0,71.34766590677994,False
2022-10-06,3033606.2129873647,SHY,42597.25968471979,0.0,71.34766590677994,False
2022-10-07,3029866.986625786,SHY,42597.25968471979,0.0,71.34766590677994,False
2022-10-10,3028744.8915758985,SHY,42597.25968471979,0.0,71.34766590677994,False
2022-10-11,3030241.563544772,SHY,42597.25968471979,0.0,71.34766590677994,False
2022-10-12,3033232.290351207,SHY,42597.25968471979,0.0,71.34766590677994,False
2022-10-13,3024257.8199420036,SHY,42597.25968471979,0.0,71.34766590677994,False
2022-10-14,3022761.802255959,SHY,42597.25968471979,0.0,71.34766590677994,False
2022-10-17,3026128.087405621,SHY,42597.25968471979,0.0,71.34766590677994,False
2022-10-18,3027624.105091667,SHY,42597.25968471979,0.0,71.34766590677994,False
2022-10-19,3022014.6112664705,SHY,42597.25968471979,0.0,71.34766590677994,False
2022-10-20,3018648.653258221,SHY,42597.25968471979,0.0,71.34766590677994,False
2022-10-21,3026502.337183193,SHY,42597.25968471979,0.0,71.34766590677994,False
2022-10-24,3025753.1833452214,SHY,42597.25968471979,0.0,71.34766590677994,False
2022-10-25,3028744.8915758985,SHY,42597.25968471979,0.0,71.34766590677994,False
2022-10-26,3031361.6957461755,SHY,42597.25968471979,0.0,71.34766590677994,False
2022-10-27,3037719.034843688,SHY,42597.25968471979,0.0,71.34766590677994,False
2022-10-28,3033232.290351207,SHY,42597.25968471979,0.0,71.34766590677994,False
2022-10-31,3028744.8915758985,SHY,42597.25968471979,0.0,71.34766590677994,False
2022-11-01,3025786.8789108596,SHY,42597.25968471979,0.0,71.10187166951376,False
2022-11-02,3024287.589810674,SHY,42597.25968471979,0.0,71.10187166951376,False
2022-11-03,3018668.6088844733,SHY,42597.25968471979,0.0,71.10187166951376,False
2022-11-04,3022039.8011553455,SHY,42597.25968471979,0.0,71.10187166951376,False
2022-11-07,3019418.417005273,SHY,42597.25968471979,0.0,71.10187166951376,False
2022-11-08,3022415.032357159,SHY,42597.25968471979,0.0,71.10187166951376,False
2022-11-09,3027284.859445389,SHY,42597.25968471979,0.0,71.10187166951376,False
2022-11-10,3043765.9167393507,SHY,42597.25968471979,0.0,71.10187166951376,False
2022-11-11,3043016.108618551,SHY,42597.25968471979,0.0,71.10187166951376,False
2022-11-14,3040393.7430442367,SHY,42597.25968471979,0.0,71.10187166951376,False
2022-11-15,3043391.3398203645,SHY,42597.25968471979,0.0,71.10187166951376,False
2022-11-16,3043765.9167393507,SHY,42597.25968471979,0.0,71.10187166951376,False
2022-11-17,3040020.4746909067,SHY,42597.25968471979,0.0,71.10187166951376,False
2022-11-18,3036648.95527862,SHY,42597.25968471979,0.0,71.10187166951376,False
2022-11-21,3035899.8014406483,SHY,42597.25968471979,0.0,71.10187166951376,False
2022-11-22,3038147.262954563,SHY,42597.25968471979,0.0,71.10187166951376,False
2022-11-23,3040768.319963222,SHY,42597.25968471979,0.0,71.10187166951376,False
2022-11-25,3041144.2054478633,SHY,42597.25968471979,0.0,71.10187166951376,False
2022-11-28,3041892.705003008,SHY,42597.25968471979,0.0,71.10187166951376,False
2022-11-29,3040768.319963222,SHY,42597.25968471979,0.0,71.10187166951376,False
2022-11-30,3049758.166018882,SHY,42597.25968471979,0.0,71.10187166951376,False
2022-12-01,3056327.492752641,SHY,42597.25968471979,0.0,71.59517275504159,False
2022-12-02,3055576.376066185,SHY,42597.25968471979,0.0,71.59517275504159,False
2022-12-05,3046942.78701033,SHY,42597.25968471979,0.0,71.59517275504159,False
2022-12-06,3050322.484957965,SHY,42597.25968471979,0.0,71.59517275504159,False
2022-12-07,3056702.3968130406,SHY,42597.25968471979,0.0,71.59517275504159,False
2022-12-08,3053699.565774289,SHY,42597.25968471979,0.0,71.59517275504159,False
2022-12-09,3052198.31382562,SHY,42597.25968471979,0.0,71.59517275504159,False
2022-12-12,3050322.484957965,SHY,42597.25968471979,0.0,71.59517275504159,False
2022-12-13,3059329.0152257374,SHY,42597.25968471979,0.0,71.59517275504159,False
2022-12-14,3059706.209276034,SHY,42597.25968471979,0.0,71.59517275504159,False
2022-12-15,3060118.4074576255,SHY,42597.25968471979,0.0,71.59517275504159,False
2022-12-16,3063128.108466071,SHY,42597.25968471979,0.0,71.59517275504159,False
2022-12-19,3059366.6364883427,SHY,42597.25968471979,0.0,71.59517275504159,False
2022-12-20,3059366.6364883427,SHY,42597.25968471979,0.0,71.59517275504159,False
2022-12-21,3062375.6832139594,SHY,42597.25968471979,0.0,71.59517275504159,False
2022-12-22,3060493.965800853,SHY,42597.25968471979,0.0,71.59517275504159,False
2022-12-23,3058990.4238622864,SHY,42597.25968471979,0.0,71.59517275504159,False
2022-12-27,3054852.739258503,SHY,42597.25968471979,0.0,71.59517275504159,False
2022-12-28,3054852.739258503,SHY,42597.25968471979,0.0,71.59517275504159,False
2022-12-29,3057110.6692976644,SHY,42597.25968471979,0.0,71.59517275504159,False
2022-12-30,3053347.5616128664,SHY,42597.25968471979,0.0,71.59517275504159,False
2023-01-03,3055980.7228538417,GLD,17864.96414398151,0.0,171.05999755859375,False
2023-01-04,3084743.326029561,GLD,17864.96414398151,0.0,171.05999755859375,False
2023-01-05,3046333.7621590886,GLD,17864.96414398151,0.0,171.05999755859375,False
2023-01-06,3103323.0413940246,GLD,17864.96414398151,0.0,171.05999755859375,False
2023-01-09,3110290.3665062687,GLD,17864.96414398151,0.0,171.05999755859375,False
2023-01-10,3121723.932654508,GLD,17864.96414398151,0.0,171.05999755859375,False
2023-01-11,3119579.951590781,GLD,17864.96414398151,0.0,171.05999755859375,False
2023-01-12,3155667.255488985,GLD,17864.96414398151,0.0,171.05999755859375,False
2023-01-13,3193540.8922429555,GLD,17864.96414398151,0.0,171.05999755859375,False
2023-01-17,3172638.9169062236,GLD,17864.96414398151,0.0,171.05999755859375,False
2023-01-18,3163527.883327972,GLD,17864.96414398151,0.0,171.05999755859375,False
2023-01-19,3213728.388956925,GLD,17864.96414398151,0.0,171.05999755859375,False
2023-01-20,3203009.301431448,GLD,17864.96414398151,0.0,171.05999755859375,False
2023-01-23,3209083.596414669,GLD,17864.96414398151,0.0,171.05999755859375,False
2023-01-24,3220695.714069169,GLD,17864.96414398151,0.0,171.05999755859375,False
2023-01-25,3235523.6670204,GLD,17864.96414398151,0.0,171.05999755859375,False
2023-01-26,3206225.136728179,GLD,17864.96414398151,0.0,171.05999755859375,False
2023-01-27,3201758.8956921836,GLD,17864.96414398151,0.0,171.05999755859375,False
2023-01-30,3193540.8922429555,GLD,17864.96414398151,0.0,171.05999755859375,False
2023-01-31,3205153.2824951755,GLD,17864.96414398151,0.0,171.05999755859375,False
2023-02-01,3245528.0033253944,GLD,17864.96414398151,0.0,179.41000366210938,False
2023-02-02,3178177.012175223,GLD,17864.96414398151,0.0,179.41000366210938,False
2023-02-03,3098856.800358029,GLD,17864.96414398151,0.0,179.41000366210938,False
2023-02-06,3105288.198353771,GLD,17864.96414398151,0.0,179.41000366210938,False
2023-02-07,3108146.3854425414,GLD,17864.96414398151,0.0,179.41000366210938,False
2023-02-08,3115828.461775268,GLD,17864.96414398151,0.0,179.41000366210938,False
2023-02-09,3091174.724025303,GLD,17864.96414398151,0.0,179.41000366210938,False
2023-02-10,3097070.1949045435,GLD,17864.96414398151,0.0,179.41000366210938,False
2023-02-13,3081348.939226569,GLD,17864.96414398151,0.0,179.41000366210938,False
2023-02-14,3083671.4717965573,GLD,17864.96414398151,0.0,179.41000366210938,False
2023-02-15,3052943.7116610915,GLD,17864.96414398151,0.0,179.41000366210938,False
2023-02-16,3050442.627584843,GLD,17864.96414398151,0.0,179.41000366210938,False
2023-02-17,3059553.6611630945,GLD,17864.96414398151,0.0,179.41000366210938,False
2023-02-21,3048120.095014855,GLD,17864.96414398151,0.0,179.41000366210938,False
2023-02-22,3030969.8820913555,GLD,17864.96414398151,0.0,179.41000366210938,False
2023-02-23,3029362.1007418497,GLD,17864.96414398151,0.0,179.41000366210938,False
2023-02-24,3007566.822678375,GLD,17864.96414398151,0.0,179.41000366210938,False
2023-02-27,3019357.491839136,GLD,17864.96414398151,0.0,179.41000366210938,False
2023-02-28,3033113.5905573633,GLD,17864.96414398151,0.0,179.41000366210938,False
2023-03-01,3050621.1790911034,GLD,17864.96414398151,0.0,169.77999877929688,False
2023-03-02,3048834.846235337,GLD,17864.96414398151,0.0,169.77999877929688,False
2023-03-03,3081527.7633305495,GLD,17864.96414398151,0.0,169.77999877929688,False
2023-03-06,3065985.0591588365,GLD,17864.96414398151,0.0,169.77999877929688,False
2023-03-07,3012390.166726892,GLD,17864.96414398151,0.0,169.77999877929688,False
2023-03-08,3010960.936883647,GLD,17864.96414398151,0.0,169.77999877929688,False
2023-03-09,3040616.842786109,GLD,17864.96414398151,0.0,169.77999877929688,False
2023-03-10,3106181.228482795,GLD,17864.96414398151,0.0,169.77999877929688,False
2023-03-13,3177462.53355246,GLD,17864.96414398151,0.0,169.77999877929688,False
2023-03-14,3159061.6422919766,GLD,17864.96414398151,0.0,169.77999877929688,False
2023-03-15,3183715.3800419415,GLD,17864.96414398151,0.0,169.77999877929688,False
2023-03-16,3190146.7780376836,GLD,17864.96414398151,0.0,169.77999877929688,False
2023-03-17,3283044.5370668434,GLD,17864.96414398151,0.0,169.77999877929688,False
2023-03-20,3284294.942806108,GLD,17864.96414398151,0.0,169.77999877929688,False
2023-03-21,3222303.495418675,GLD,17864.96414398151,0.0,169.77999877929688,False
2023-03-22,3277149.0661876034,GLD,17864.96414398151,0.0,169.77999877929688,False
2023-03-23,3318238.5382383047,GLD,17864.96414398151,0.0,169.77999877929688,False
2023-03-24,3280900.5560031165,GLD,17864.96414398151,0.0,169.77999877929688,False
2023-03-27,3250530.171477892,GLD,17864.96414398151,0.0,169.77999877929688,False
2023-03-28,3277149.0661876034,GLD,17864.96414398151,0.0,169.77999877929688,False
2023-03-29,3260891.8833931275,GLD,17864.96414398151,0.0,169.77999877929688,False
2023-03-30,3290368.965191609,GLD,17864.96414398151,0.0,169.77999877929688,False
2023-03-31,3273218.75226811,GLD,17864.96414398151,0.0,169.77999877929688,False
2023-04-03,3296800.3631873513,TECL,95856.04081189871,0.0,34.393245697021484,False
2023-04-04,3244216.0057159006,TECL,95856.04081189871,0.0,34.393245697021484,False
2023-04-05,3131024.6713904734,TECL,95856.04081189871,0.0,34.393245697021484,False
2023-04-06,3179152.7087883204,TECL,95856.04081189871,0.0,34.393245697021484,False
2023-04-10,3172022.669802911,TECL,95856.04081189871,0.0,34.393245697021484,False
2023-04-11,3083787.3860808588,TECL,95856.04081189871,0.0,34.393245697021484,False
2023-04-12,3032985.629771205,TECL,95856.04081189871,0.0,34.393245697021484,False
2023-04-13,3196978.35474451,TECL,95856.04081189871,0.0,34.393245697021484,False
2023-04-14,3139937.3115376793,TECL,95856.04081189871,0.0,34.393245697021484,False
2023-04-17,3173806.002288261,TECL,95856.04081189871,0.0,34.393245697021484,False
2023-04-18,3202326.1582298996,TECL,95856.04081189871,0.0,34.393245697021484,False
2023-04-19,3173806.002288261,TECL,95856.04081189871,0.0,34.393245697021484,False
2023-04-20,3110525.6721842545,TECL,95856.04081189871,0.0,34.393245697021484,False
2023-04-21,3075766.2293454395,TECL,95856.04081189871,0.0,34.393245697021484,False
2023-04-24,2967120.326868616,CASH,0.0,2967120.326868616,,False
2023-04-25,2967120.326868616,CASH,0.0,2967120.326868616,,False
2023-04-26,2967120.326868616,CASH,0.0,2967120.326868616,,False
2023-04-27,2967120.326868616,CASH,0.0,2967120.326868616,,False
2023-04-28,2967120.326868616,CASH,0.0,2967120.326868616,,False
2023-05-01,2967120.326868616,TECL,87285.0890798977,0.0,33.993438720703125,False
2023-05-02,2883527.4998767576,TECL,87285.0890798977,0.0,33.993438720703125,False
2023-05-03,2808862.828320799,TECL,87285.0890798977,0.0,33.993438720703125,False
2023-05-04,2768284.238667146,TECL,87285.0890798977,0.0,33.993438720703125,False
2023-05-05,2971989.6244405783,TECL,87285.0890798977,0.0,33.993438720703125,False
2023-05-08,2967120.326868616,TECL,87285.0890798977,0.0,33.993438720703125,False
2023-05-09,2898135.7255588346,TECL,87285.0890798977,0.0,33.993438720703125,False
2023-05-10,3001206.4087709226,TECL,87285.0890798977,0.0,33.993438720703125,False
2023-05-11,2959003.9430055046,TECL,87285.0890798977,0.0,33.993438720703125,False
2023-05-12,2946830.3661094084,TECL,87285.0890798977,0.0,33.993438720703125,False
2023-05-15,3017437.511666193,TECL,87285.0890798977,0.0,33.993438720703125,False
2023-05-16,3027988.544315286,TECL,87285.0890798977,0.0,33.993438720703125,False
2023-05-17,3147289.664490263,TECL,87285.0890798977,0.0,33.993438720703125,False
2023-05-18,3340445.0165131744,TECL,87285.0890798977,0.0,33.993438720703125,False
2023-05-19,3330705.755436869,TECL,87285.0890798977,0.0,33.993438720703125,False
2023-05-22,3347749.295837308,TECL,87285.0890798977,0.0,33.993438720703125,False
2023-05-23,3201665.0412193956,TECL,87285.0890798977,0.0,33.993438720703125,False
2023-05-24,3129435.018449418,TECL,87285.0890798977,0.0,33.993438720703125,False
2023-05-25,3488963.5869508768,TECL,87285.0890798977,0.0,33.993438720703125,False
2023-05-26,3781130.4313557483,TECL,87285.0890798977,0.0,33.993438720703125,False
2023-05-30,3840375.438623034,TECL,87285.0890798977,0.0,33.993438720703125,False
2023-05-31,3743797.596128483,TECL,87285.0890798977,0.0,33.993438720703125,False
2023-06-01,3853360.454125726,TECL,87285.0890798977,0.0,42.891605377197266,False
2023-06-02,3922344.7224693173,TECL,87285.0890798977,0.0,42.891605377197266,False
2023-06-05,3851737.2439463423,TECL,87285.0890798977,0.0,42.891605377197266,False
2023-06-06,3846868.279340571,TECL,87285.0890798977,0.0,42.891605377197266,False
2023-06-07,3673190.450571698,TECL,87285.0890798977,0.0,42.891605377197266,False
2023-06-08,3789245.816320288,TECL,87285.0890798977,0.0,42.891605377197266,False
2023-06-09,3842809.4214766333,TECL,87285.0890798977,0.0,42.891605377197266,False
2023-06-12,4091152.587733846,TECL,87285.0890798977,0.0,42.891605377197266,False
2023-06-13,4165005.8206832083,TECL,87285.0890798977,0.0,42.891605377197266,False
2023-06-14,4289988.010002935,TECL,87285.0890798977,0.0,42.891605377197266,False
2023-06-15,4455549.454908696,TECL,87285.0890798977,0.0,42.891605377197266,False
2023-06-16,4341929.070912277,TECL,87285.0890798977,0.0,42.891605377197266,False
2023-06-20,4251032.963494857,TECL,87285.0890798977,0.0,42.891605377197266,False
2023-06-21,4060166.754032616,TECL,87285.0890798977,0.0,42.891605377197266,False
2023-06-22,4164127.4558722926,TECL,87285.0890798977,0.0,42.891605377197266,False
2023-06-23,4019557.1985232336,TECL,87285.0890798977,0.0,42.891605377197266,False
2023-06-26,3927778.397734419,TECL,87285.0890798977,0.0,42.891605377197266,False
2023-06-27,4164127.4558722926,TECL,87285.0890798977,0.0,42.891605377197266,False
2023-06-28,4168188.644499564,TECL,87285.0890798977,0.0,42.891605377197266,False
2023-06-29,4193366.8819036004,TECL,87285.0890798977,0.0,42.891605377197266,False
2023-06-30,4387481.509521754,TECL,87285.0890798977,0.0,42.891605377197266,False
2023-07-03,4355806.102839703,TECL,87285.0890798977,0.0,50.26610565185547,False
2023-07-05,4276210.534966513,TECL,87285.0890798977,0.0,50.26610565185547,False
2023-07-06,4233976.437412983,TECL,87285.0890798977,0.0,50.26610565185547,False
2023-07-07,4175498.584248939,TECL,87285.0890798977,0.0,50.26610565185547,False
2023-07-10,4209610.304547925,TECL,87285.0890798977,0.0,50.26610565185547,False
2023-07-11,4237224.855568895,TECL,87285.0890798977,0.0,50.26610565185547,False
2023-07-12,4379359.132267211,TECL,87285.0890798977,0.0,50.26610565185547,False
2023-07-13,4547484.749807113,TECL,87285.0890798977,0.0,50.26610565185547,False
2023-07-14,4521493.408965526,TECL,87285.0890798977,0.0,50.26610565185547,False
2023-07-17,4696927.96735623,TECL,87285.0890798977,0.0,50.26610565185547,False
2023-07-18,4855306.332631251,TECL,87285.0890798977,0.0,50.26610565185547,False
2023-07-19,4817133.090738803,TECL,87285.0890798977,0.0,50.26610565185547,False
2023-07-20,4523930.721481032,TECL,87285.0890798977,0.0,50.26610565185547,False
2023-07-21,4511747.488565408,TECL,87285.0890798977,0.0,50.26610565185547,False
2023-07-24,4540174.144125356,TECL,87285.0890798977,0.0,50.26610565185547,False
2023-07-25,4689618.693539237,TECL,87285.0890798977,0.0,50.26610565185547,False
2023-07-26,4501188.46472774,TECL,87285.0890798977,0.0,50.26610565185547,False
2023-07-27,4458954.700140401,TECL,87285.0890798977,0.0,50.26610565185547,False
2023-07-28,4637637.343720827,TECL,87285.0890798977,0.0,50.26610565185547,False
2023-07-31,4666876.436785945,TECL,87285.0890798977,0.0,50.26610565185547,False
2023-08-01,4690430.132145834,TQQQ,215878.3213482417,0.0,21.72719383239746,False
2023-08-02,4383716.138496586,TQQQ,215878.3213482417,0.0,21.72719383239746,False
2023-08-03,4352418.212387269,TQQQ,215878.3213482417,0.0,21.72719383239746,False
2023-08-04,4291910.782649942,TQQQ,215878.3213482417,0.0,21.72719383239746,False
2023-08-07,4398321.0961882025,TQQQ,215878.3213482417,0.0,21.72719383239746,False
2023-08-08,4221387.118931252,CASH,0.0,4221387.118931252,,False
2023-08-09,4221387.118931252,CASH,0.0,4221387.118931252,,False
2023-08-10,4221387.118931252,CASH,0.0,4221387.118931252,,False
2023-08-11,4221387.118931252,CASH,0.0,4221387.118931252,,False
2023-08-14,4221387.118931252,CASH,0.0,4221387.118931252,,False
2023-08-15,4221387.118931252,CASH,0.0,4221387.118931252,,False
2023-08-16,4221387.118931252,CASH,0.0,4221387.118931252,,False
2023-08-17,4221387.118931252,CASH,0.0,4221387.118931252,,False
2023-08-18,4221387.118931252,CASH,0.0,4221387.118931252,,False
2023-08-21,4221387.118931252,CASH,0.0,4221387.118931252,,False
2023-08-22,4221387.118931252,CASH,0.0,4221387.118931252,,False
2023-08-23,4221387.118931252,CASH,0.0,4221387.118931252,,False
2023-08-24,4221387.118931252,CASH,0.0,4221387.118931252,,False
2023-08-25,4221387.118931252,CASH,0.0,4221387.118931252,,False
2023-08-28,4221387.118931252,CASH,0.0,4221387.118931252,,False
2023-08-29,4221387.118931252,CASH,0.0,4221387.118931252,,False
2023-08-30,4221387.118931252,CASH,0.0,4221387.118931252,,False
2023-08-31,4221387.118931252,CASH,0.0,4221387.118931252,,False
2023-09-01,4221387.118931252,TQQQ,206557.1432660771,0.0,20.43689727783203,False
2023-09-05,4232368.031515771,TQQQ,206557.1432660771,0.0,20.43689727783203,False
2023-09-06,4120568.930445828,TQQQ,206557.1432660771,0.0,20.43689727783203,False
2023-09-07,4030731.260568438,TQQQ,206557.1432660771,0.0,20.43689727783203,False
2023-09-08,4042709.327636001,TQQQ,206557.1432660771,0.0,20.43689727783203,False
2023-09-11,4180461.6296425527,TQQQ,206557.1432660771,0.0,20.43689727783203,False
2023-09-12,4046702.279309512,TQQQ,206557.1432660771,0.0,20.43689727783203,False
2023-09-13,4086629.4321857127,TQQQ,206557.1432660771,0.0,20.43689727783203,False
2023-09-14,4182457.9084910657,TQQQ,206557.1432660771,0.0,20.43689727783203,False
2023-09-15,3967844.3400871865,TQQQ,206557.1432660771,0.0,20.43689727783203,False
2023-09-18,3976828.973823192,TQQQ,206557.1432660771,0.0,20.43689727783203,False
2023-09-19,3952872.051735096,TQQQ,206557.1432660771,0.0,20.43689727783203,False
2023-09-20,3799248.4070381266,CASH,0.0,3799248.4070381266,,False
2023-09-21,3799248.4070381266,CASH,0.0,3799248.4070381266,,False
2023-09-22,3799248.4070381266,CASH,0.0,3799248.4070381266,,False
2023-09-25,3799248.4070381266,CASH,0.0,3799248.4070381266,,False
2023-09-26,3799248.4070381266,CASH,0.0,3799248.4070381266,,False
2023-09-27,3799248.4070381266,CASH,0.0,3799248.4070381266,,False
2023-09-28,3799248.4070381266,CASH,0.0,3799248.4070381266,,False
2023-09-29,3799248.4070381266,CASH,0.0,3799248.4070381266,,False
2023-10-02,3799248.407038126,TECL,91711.09177890504,0.0,41.42626953125,False
2023-10-03,3601264.414806025,TECL,91711.09177890504,0.0,41.42626953125,False
2023-10-04,3733537.821202201,TECL,91711.09177890504,0.0,41.42626953125,False
2023-10-05,3748046.1028186833,TECL,91711.09177890504,0.0,41.42626953125,False
2023-10-06,3955415.872219991,TECL,91711.09177890504,0.0,41.42626953125,False
2023-10-09,4015153.1182845198,TECL,91711.09177890504,0.0,41.42626953125,False
2023-10-10,4033073.837298812,TECL,91711.09177890504,0.0,41.42626953125,False
2023-10-11,4138894.031785967,TECL,91711.09177890504,0.0,41.42626953125,False
2023-10-12,4145721.005681893,TECL,91711.09177890504,0.0,41.42626953125,False
2023-10-13,3968217.585287518,TECL,91711.09177890504,0.0,41.42626953125,False
2023-10-16,4083423.556943879,TECL,91711.09177890504,0.0,41.42626953125,False
2023-10-17,4025393.5791284083,TECL,91711.09177890504,0.0,41.42626953125,False
2023-10-18,3893120.1727322326,TECL,91711.09177890504,0.0,41.42626953125,False
2023-10-19,3829970.139419843,TECL,91711.09177890504,0.0,41.42626953125,False
2023-10-20,3629425.244814155,TECL,91711.09177890504,0.0,41.42626953125,False
2023-10-23,3641372.6240570503,TECL,91711.09177890504,0.0,41.42626953125,False
2023-10-24,3716470.3864623867,TECL,91711.09177890504,0.0,41.42626953125,False
2023-10-25,3586756.483039594,TECL,91711.09177890504,0.0,41.42626953125,False
2023-10-26,3419323.566334314,CASH,0.0,3419323.566334314,,False
2023-10-27,3419323.566334314,CASH,0.0,3419323.566334314,,False
2023-10-30,3419323.566334314,CASH,0.0,3419323.566334314,,False
2023-10-31,3419323.566334314,CASH,0.0,3419323.566334314,,False
2023-11-01,3419323.566334314,TECL,82024.12026680425,0.0,41.686805725097656,False
2023-11-02,3593343.214432706,TECL,82024.12026680425,0.0,41.686805725097656,False
2023-11-03,3696380.57110682,TECL,82024.12026680425,0.0,41.686805725097656,False
2023-11-06,3769651.392558988,TECL,82024.12026680425,0.0,41.686805725097656,False
2023-11-07,3895587.504091064,TECL,82024.12026680425,0.0,41.686805725097656,False
2023-11-08,3958172.886597038,TECL,82024.12026680425,0.0,41.686805725097656,False
2023-11-09,3900165.815735595,TECL,82024.12026680425,0.0,41.686805725097656,False
2023-11-10,4197830.229263485,TECL,82024.12026680425,0.0,41.686805725097656,False
2023-11-13,4124559.09491413,TECL,82024.12026680425,0.0,41.686805725097656,False
2023-11-14,4373375.876944325,TECL,82024.12026680425,0.0,41.686805725097656,False
2023-11-15,4387114.253746978,TECL,82024.12026680425,0.0,41.686805725097656,False
2023-11-16,4451990.669458341,TECL,82024.12026680425,0.0,41.686805725097656,False
2023-11-17,4420697.195962385,TECL,82024.12026680425,0.0,41.686805725097656,False
2023-11-20,4616087.721953168,TECL,82024.12026680425,0.0,41.686805725097656,False
2023-11-21,4497021.268168199,TECL,82024.12026680425,0.0,41.686805725097656,False
2023-11-22,4555027.713235267,TECL,82024.12026680425,0.0,41.686805725097656,False
2023-11-24,4524498.334670692,TECL,82024.12026680425,0.0,41.686805725097656,False
2023-11-27,4520682.240574417,TECL,82024.12026680425,0.0,41.686805725097656,False
2023-11-28,4545868.899665895,TECL,82024.12026680425,0.0,41.686805725097656,False
2023-11-29,4560370.432708365,TECL,82024.12026680425,0.0,41.686805725097656,False
2023-11-30,4565713.465078649,TECL,82024.12026680425,0.0,41.686805725097656,False
2023-12-01,4598532.625259865,TECL,82024.12026680425,0.0,55.66305923461914,False
2023-12-04,4432909.57318259,TECL,82024.12026680425,0.0,55.66305923461914,False
2023-12-05,4508469.863354212,TECL,82024.12026680425,0.0,55.66305923461914,False
2023-12-06,4391694.442774632,TECL,82024.12026680425,0.0,55.66305923461914,False
2023-12-07,4548922.150419539,TECL,82024.12026680425,0.0,55.66305923461914,False
2023-12-08,4664171.884313858,TECL,82024.12026680425,0.0,55.66305923461914,False
2023-12-11,4781711.399824817,TECL,82024.12026680425,0.0,55.66305923461914,False
2023-12-12,4877116.255409193,TECL,82024.12026680425,0.0,55.66305923461914,False
2023-12-13,5004578.053626529,TECL,82024.12026680425,0.0,55.66305923461914,False
2023-12-14,4961072.515807557,TECL,82024.12026680425,0.0,55.66305923461914,False
2023-12-15,5038160.370047563,TECL,82024.12026680425,0.0,55.66305923461914,False
2023-12-18,5078612.031318516,TECL,82024.12026680425,0.0,55.66305923461914,False
2023-12-19,5133566.1643235,TECL,82024.12026680425,0.0,55.66305923461914,False
2023-12-20,4902302.601603484,TECL,82024.12026680425,0.0,55.66305923461914,False
2023-12-21,5061308.816860987,TECL,82024.12026680425,0.0,55.66305923461914,False
2023-12-22,5071242.676763294,TECL,82024.12026680425,0.0,55.66305923461914,False
2023-12-26,5140010.907690259,TECL,82024.12026680425,0.0,55.66305923461914,False
2023-12-27,5142301.940895648,TECL,82024.12026680425,0.0,55.66305923461914,False
2023-12-28,5154527.772694906,TECL,82024.12026680425,0.0,55.66305923461914,False
2023-12-29,5097220.652841447,TECL,82024.12026680425,0.0,55.66305923461914,False
2024-01-02,4706009.367227349,TECL,82024.12026680425,0.0,62.142948150634766,False
2024-01-03,4577643.139954965,CASH,0.0,4577643.139954965,,False
2024-01-04,4577643.139954965,CASH,0.0,4577643.139954965,,False
2024-01-05,4577643.139954965,CASH,0.0,4577643.139954965,,False
2024-01-08,4577643.139954965,CASH,0.0,4577643.139954965,,False
2024-01-09,4577643.139954965,CASH,0.0,4577643.139954965,,False
2024-01-10,4577643.139954965,CASH,0.0,4577643.139954965,,False
2024-01-11,4577643.139954965,CASH,0.0,4577643.139954965,,False
2024-01-12,4577643.139954965,CASH,0.0,4577643.139954965,,False
2024-01-16,4577643.139954965,CASH,0.0,4577643.139954965,,False
2024-01-17,4577643.139954965,CASH,0.0,4577643.139954965,,False
2024-01-18,4577643.139954965,CASH,0.0,4577643.139954965,,False
2024-01-19,4577643.139954965,CASH,0.0,4577643.139954965,,False
2024-01-22,4577643.139954965,CASH,0.0,4577643.139954965,,False
2024-01-23,4577643.139954965,CASH,0.0,4577643.139954965,,False
2024-01-24,4577643.139954965,CASH,0.0,4577643.139954965,,False
2024-01-25,4577643.139954965,CASH,0.0,4577643.139954965,,False
2024-01-26,4577643.139954965,CASH,0.0,4577643.139954965,,False
2024-01-29,4577643.139954965,CASH,0.0,4577643.139954965,,False
2024-01-30,4577643.139954965,CASH,0.0,4577643.139954965,,False
2024-01-31,4577643.139954965,CASH,0.0,4577643.139954965,,False
2024-02-01,4577643.139954965,TECL,66867.13870790326,0.0,68.45878601074219,False
2024-02-02,4707828.263592765,TECL,66867.13870790326,0.0,68.45878601074219,False
2024-02-05,4742087.265002605,TECL,66867.13870790326,0.0,68.45878601074219,False
2024-02-06,4671077.151186006,TECL,66867.13870790326,0.0,68.45878601074219,False
2024-02-07,4859191.48422444,TECL,66867.13870790326,0.0,68.45878601074219,False
2024-02-08,4901548.698523754,TECL,66867.13870790326,0.0,68.45878601074219,False
2024-02-09,5098382.6141946,TECL,66867.13870790326,0.0,68.45878601074219,False
2024-02-12,4975672.803235991,TECL,66867.13870790326,0.0,68.45878601074219,False
2024-02-13,4723401.279005649,TECL,66867.13870790326,0.0,68.45878601074219,False
2024-02-14,4866043.896693347,TECL,66867.13870790326,0.0,68.45878601074219,False
2024-02-15,4828046.98386602,TECL,66867.13870790326,0.0,68.45878601074219,False
2024-02-16,4695370.769542866,TECL,66867.13870790326,0.0,68.45878601074219,False
2024-02-20,4550858.941068534,TECL,66867.13870790326,0.0,68.45878601074219,False
2024-02-21,4459293.630468344,TECL,66867.13870790326,0.0,68.45878601074219,False
2024-02-22,4893450.9957900625,TECL,66867.13870790326,0.0,68.45878601074219,False
2024-02-23,4855454.082962736,TECL,66867.13870790326,0.0,68.45878601074219,False
2024-02-26,4873517.67890519,TECL,66867.13870790326,0.0,68.45878601074219,False
2024-02-27,4885353.29305637,TECL,66867.13870790326,0.0,68.45878601074219,False
2024-02-28,4813720.78918527,TECL,66867.13870790326,0.0,68.45878601074219,False
2024-02-29,4975049.903025706,TECL,66867.13870790326,0.0,68.45878601074219,False
2024-03-01,5238533.12088538,TECL,66867.13870790326,0.0,74.40201568603516,False
2024-03-04,5237910.220675096,TECL,66867.13870790326,0.0,74.40201568603516,False
2024-03-05,4849848.491225962,TECL,66867.13870790326,0.0,74.40201568603516,False
2024-03-06,4956985.79692747,TECL,66867.13870790326,0.0,74.40201568603516,False
2024-03-07,5188079.7343197195,TECL,66867.13870790326,0.0,74.40201568603516,False
2024-03-08,4953870.785720267,TECL,66867.13870790326,0.0,74.40201568603516,False
2024-03-11,4915873.87289294,TECL,66867.13870790326,0.0,74.40201568603516,False
2024-03-12,5209879.201056532,TECL,66867.13870790326,0.0,74.40201568603516,False
2024-03-13,5037962.314108613,TECL,66867.13870790326,0.0,74.40201568603516,False
2024-03-14,5043568.416001169,TECL,66867.13870790326,0.0,74.40201568603516,False
2024-03-15,4810605.777978067,TECL,66867.13870790326,0.0,74.40201568603516,False
2024-03-18,4882861.182059451,TECL,66867.13870790326,0.0,74.40201568603516,False
2024-03-19,4948484.050814133,TECL,66867.13870790326,0.0,74.40201568603516,False
2024-03-20,5118776.091595177,TECL,66867.13870790326,0.0,74.40201568603516,False
2024-03-21,5126262.62770158,TECL,66867.13870790326,0.0,74.40201568603516,False
2024-03-22,5129382.230310824,TECL,66867.13870790326,0.0,74.40201568603516,False
2024-03-25,5022090.347407255,TECL,66867.13870790326,0.0,74.40201568603516,False
2024-03-26,4964078.4927698765,TECL,66867.13870790326,0.0,74.40201568603516,False
2024-03-27,5030198.763412378,TECL,66867.13870790326,0.0,74.40201568603516,False
2024-03-28,4999009.879500891,TECL,66867.13870790326,0.0,74.40201568603516,False
2024-04-01,5036437.458475083,TECL,66867.13870790326,0.0,74.76033782958984,False
2024-04-02,4892966.8579525845,TECL,66867.13870790326,0.0,74.76033782958984,False
2024-04-03,4925403.072751987,TECL,66867.13870790326,0.0,74.76033782958984,False
2024-04-04,4692108.833470339,TECL,66867.13870790326,0.0,74.76033782958984,False
2024-04-05,4846183.532085355,TECL,66867.13870790326,0.0,74.76033782958984,False
2024-04-08,4828717.3285640655,TECL,66867.13870790326,0.0,74.76033782958984,False
2024-04-09,4894838.619518131,TECL,66867.13870790326,0.0,74.76033782958984,False
2024-04-10,4721426.465972061,TECL,66867.13870790326,0.0,74.76033782958984,False
2024-04-11,4989029.701930222,TECL,66867.13870790326,0.0,74.76033782958984,False
2024-04-12,4756981.263069143,TECL,66867.13870790326,0.0,74.76033782958984,False
2024-04-15,4499108.891550803,CASH,0.0,4499108.891550803,,False
2024-04-16,4499108.891550803,CASH,0.0,4499108.891550803,,False
2024-04-17,4499108.891550803,CASH,0.0,4499108.891550803,,False
2024-04-18,4499108.891550803,CASH,0.0,4499108.891550803,,False
2024-04-19,4499108.891550803,CASH,0.0,4499108.891550803,,False
2024-04-22,4499108.891550803,CASH,0.0,4499108.891550803,,False
2024-04-23,4499108.891550803,CASH,0.0,4499108.891550803,,False
2024-04-24,4499108.891550803,CASH,0.0,4499108.891550803,,False
2024-04-25,4499108.891550803,CASH,0.0,4499108.891550803,,False
2024-04-26,4499108.891550803,CASH,0.0,4499108.891550803,,False
2024-04-29,4499108.891550803,CASH,0.0,4499108.891550803,,False
2024-04-30,4499108.891550803,CASH,0.0,4499108.891550803,,False
2024-05-01,4499108.891550803,TECL,75783.45353116725,0.0,59.367958068847656,False
2024-05-02,4685039.459632816,TECL,75783.45353116725,0.0,59.367958068847656,False
2024-05-03,5070333.495087993,TECL,75783.45353116725,0.0,59.367958068847656,False
2024-05-06,5247075.018774783,TECL,75783.45353116725,0.0,59.367958068847656,False
2024-05-07,5194759.967181711,TECL,75783.45353116725,0.0,59.367958068847656,False
2024-05-08,5241419.821944122,TECL,75783.45353116725,0.0,59.367958068847656,False
2024-05-09,5229400.577315171,TECL,75783.45353116725,0.0,59.367958068847656,False
2024-05-10,5281010.247031808,TECL,75783.45353116725,0.0,59.367958068847656,False
2024-05-13,5357361.475155318,TECL,75783.45353116725,0.0,59.367958068847656,False
2024-05-14,5500874.308825249,TECL,75783.45353116725,0.0,59.367958068847656,False
2024-05-15,5867081.404522347,TECL,75783.45353116725,0.0,59.367958068847656,False
2024-05-16,5804161.3411443895,TECL,75783.45353116725,0.0,59.367958068847656,False
2024-05-17,5757502.064563844,TECL,75783.45353116725,0.0,59.367958068847656,False
2024-05-20,5957572.648359041,TECL,75783.45353116725,0.0,59.367958068847656,False
2024-05-21,5987970.559960307,TECL,75783.45353116725,0.0,59.367958068847656,False
2024-05-22,6028268.101470024,TECL,75783.45353116725,0.0,59.367958068847656,False
2024-05-23,5881927.38029383,TECL,75783.45353116725,0.0,59.367958068847656,False
2024-05-24,6014128.663938708,TECL,75783.45353116725,0.0,59.367958068847656,False
2024-05-28,6089774.510185784,TECL,75783.45353116725,0.0,59.367958068847656,False
2024-05-29,5971004.391286459,TECL,75783.45353116725,0.0,59.367958068847656,False
2024-05-30,5561673.601118976,TECL,75783.45353116725,0.0,59.367958068847656,False
2024-05-31,5588538.243337545,TECL,75783.45353116725,0.0,59.367958068847656,False
2024-06-03,5630248.861327595,TECL,75783.45353116725,0.0,73.74351501464844,False
2024-06-04,5651458.306715502,TECL,75783.45353116725,0.0,73.74351501464844,False
2024-06-05,6029682.334314089,TECL,75783.45353116725,0.0,73.74351501464844,False
2024-06-06,5971004.391286459,TECL,75783.45353116725,0.0,73.74351501464844,False
2024-06-07,6006353.274205682,TECL,75783.45353116725,0.0,73.74351501464844,False
2024-06-10,6046649.659351668,TECL,75783.45353116725,0.0,73.74351501464844,False
2024-06-11,6381749.414298005,TECL,75783.45353116725,0.0,73.74351501464844,False
2024-06-12,6802392.332672407,TECL,75783.45353116725,0.0,73.74351501464844,False
2024-06-13,6969235.960996342,TECL,75783.45353116725,0.0,73.74351501464844,False
2024-06-14,7030034.675108203,TECL,75783.45353116725,0.0,73.74351501464844,False
2024-06-17,7349581.337861025,TECL,75783.45353116725,0.0,73.74351501464844,False
2024-06-18,7379273.28940399,TECL,75783.45353116725,0.0,73.74351501464844,False
2024-06-20,7119818.224340998,TECL,75783.45353116725,0.0,73.74351501464844,False
2024-06-21,7052657.775158309,TECL,75783.45353116725,0.0,73.74351501464844,False
2024-06-24,6567681.138743751,TECL,75783.45353116725,0.0,73.74351501464844,False
2024-06-25,6919270.640506409,TECL,75783.45353116725,0.0,73.74351501464844,False
2024-06-26,6902285.970012852,TECL,75783.45353116725,0.0,73.74351501464844,False
2024-06-27,6910070.610655732,TECL,75783.45353116725,0.0,73.74351501464844,False
2024-06-28,6891669.972772513,TECL,75783.45353116725,0.0,73.74351501464844,False
2024-07-01,7040289.3086823365,TECL,75783.45353116725,0.0,90.93898010253906,False
2024-07-02,7139368.2877736855,TECL,75783.45353116725,0.0,90.93898010253906,False
2024-07-03,7425282.68956723,TECL,75783.45353116725,0.0,90.93898010253906,False
2024-07-05,7491099.4440934975,TECL,75783.45353116725,0.0,90.93898010253906,False
2024-07-08,7639011.085399423,TECL,75783.45353116725,0.0,90.93898010253906,False
2024-07-09,7610702.144879761,TECL,75783.45353116725,0.0,90.93898010253906,False
2024-07-10,7934126.095225509,TECL,75783.45353116725,0.0,90.93898010253906,False
2024-07-11,7348850.515982489,TECL,75783.45353116725,0.0,90.93898010253906,False
2024-07-12,7530731.49827553,TECL,75783.45353116725,0.0,90.93898010253906,False
2024-07-15,7568239.890464002,TECL,75783.45353116725,0.0,90.93898010253906,False
2024-07-16,7496761.579106549,TECL,75783.45353116725,0.0,90.93898010253906,False
2024-07-17,6624863.32528422,TECL,75783.45353116725,0.0,90.93898010253906,False
2024-07-18,6611417.70599202,TECL,75783.45353116725,0.0,90.93898010253906,False
2024-07-19,6302855.342328135,TECL,75783.45353116725,0.0,90.93898010253906,False
2024-07-22,6739513.320206929,TECL,75783.45353116725,0.0,90.93898010253906,False
2024-07-23,6660956.906446762,TECL,75783.45353116725,0.0,90.93898010253906,False
2024-07-24,6202502.975495261,CASH,0.0,6202502.975495261,,False
2024-07-25,6202502.975495261,CASH,0.0,6202502.975495261,,False
2024-07-26,6202502.975495261,CASH,0.0,6202502.975495261,,False
2024-07-29,6202502.975495261,CASH,0.0,6202502.975495261,,False
2024-07-30,6202502.975495261,CASH,0.0,6202502.975495261,,False
2024-07-31,6202502.975495261,CASH,0.0,6202502.975495261,,False
2024-08-01,6202502.975495261,TQQQ,199490.84558656564,0.0,31.09166717529297,False
2024-08-02,5582252.677945736,CASH,0.0,5582252.677945736,,False
2024-08-05,5582252.677945736,CASH,0.0,5582252.677945736,,False
2024-08-06,5582252.677945736,CASH,0.0,5582252.677945736,,False
2024-08-07,5582252.677945736,CASH,0.0,5582252.677945736,,False
2024-08-08,5582252.677945736,CASH,0.0,5582252.677945736,,False
2024-08-09,5582252.677945736,CASH,0.0,5582252.677945736,,False
2024-08-12,5582252.677945736,CASH,0.0,5582252.677945736,,False
2024-08-13,5582252.677945736,CASH,0.0,5582252.677945736,,False
2024-08-14,5582252.677945736,CASH,0.0,5582252.677945736,,False
2024-08-15,5582252.677945736,CASH,0.0,5582252.677945736,,False
2024-08-16,5582252.677945736,CASH,0.0,5582252.677945736,,False
2024-08-19,5582252.677945736,CASH,0.0,5582252.677945736,,False
2024-08-20,5582252.677945736,CASH,0.0,5582252.677945736,,False
2024-08-21,5582252.677945736,CASH,0.0,5582252.677945736,,False
2024-08-22,5582252.677945736,CASH,0.0,5582252.677945736,,False
2024-08-23,5582252.677945736,CASH,0.0,5582252.677945736,,False
2024-08-26,5582252.677945736,CASH,0.0,5582252.677945736,,False
2024-08-27,5582252.677945736,CASH,0.0,5582252.677945736,,False
2024-08-28,5582252.677945736,CASH,0.0,5582252.677945736,,False
2024-08-29,5582252.677945736,CASH,0.0,5582252.677945736,,False
2024-08-30,5582252.677945736,CASH,0.0,5582252.677945736,,False
2024-09-03,5582252.677945736,TQQQ,182450.16497364332,0.0,30.596040725708008,False
2024-09-04,5534801.6734501505,TQQQ,182450.16497364332,0.0,30.596040725708008,False
2024-09-05,5552707.811371902,TQQQ,182450.16497364332,0.0,30.596040725708008,False
2024-09-06,5102367.485650673,TQQQ,182450.16497364332,0.0,30.596040725708008,False
2024-09-09,5292172.895617302,TQQQ,182450.16497364332,0.0,30.596040725708008,False
2024-09-10,5434526.605096201,TQQQ,182450.16497364332,0.0,30.596040725708008,False
2024-09-11,5781011.67886735,TQQQ,182450.16497364332,0.0,30.596040725708008,False
2024-09-12,5952015.557017123,TQQQ,182450.16497364332,0.0,30.596040725708008,False
2024-09-13,6029907.517973794,TQQQ,182450.16497364332,0.0,30.596040725708008,False
2024-09-16,5949329.723327879,TQQQ,182450.16497364332,0.0,30.596040725708008,False
2024-09-17,5952910.602916156,TQQQ,182450.16497364332,0.0,30.596040725708008,False
2024-09-18,5875020.033943777,TQQQ,182450.16497364332,0.0,30.596040725708008,False
2024-09-19,6319093.646387485,TQQQ,182450.16497364332,0.0,30.596040725708008,False
2024-09-20,6278803.357080237,TQQQ,182450.16497364332,0.0,30.596040725708008,False
2024-09-23,6325359.663672862,TQQQ,182450.16497364332,0.0,30.596040725708008,False
2024-09-24,6414890.0052855415,TQQQ,182450.16497364332,0.0,30.596040725708008,False
2024-09-25,6437345.495865947,TQQQ,182450.16497364332,0.0,30.596040725708008,False
2024-09-26,6573870.619122878,TQQQ,182450.16497364332,0.0,30.596040725708008,False
2024-09-27,6460698.816313966,TQQQ,182450.16497364332,0.0,30.596040725708008,False
2024-09-30,6510997.47267261,TQQQ,182450.16497364332,0.0,30.596040725708008,False
2024-10-01,6235251.648579467,TECL,82176.99569155178,0.0,75.8758773803711,False
2024-10-02,6358804.917087974,TECL,82176.99569155178,0.0,75.8758773803711,False
2024-10-03,6447824.562094235,TECL,82176.99569155178,0.0,75.8758773803711,False
2024-10-04,6655794.956952298,TECL,82176.99569155178,0.0,75.8758773803711,False
2024-10-07,6523032.262405329,TECL,82176.99569155178,0.0,75.8758773803711,False
2024-10-08,6876043.123619959,TECL,82176.99569155178,0.0,75.8758773803711,False
2024-10-09,7103197.262635204,TECL,82176.99569155178,0.0,75.8758773803711,False
2024-10-10,7088617.29105617,TECL,82176.99569155178,0.0,75.8758773803711,False
2024-10-11,7117011.715173257,TECL,82176.99569155178,0.0,75.8758773803711,False
2024-10-14,7384071.904113483,TECL,82176.99569155178,0.0,75.8758773803711,False
2024-10-15,6929762.372161551,TECL,82176.99569155178,0.0,75.8758773803711,False
2024-10-16,6970435.195048957,TECL,82176.99569155178,0.0,75.8758773803711,False
2024-10-17,7047176.441284899,TECL,82176.99569155178,0.0,75.8758773803711,False
2024-10-18,7095523.890364476,TECL,82176.99569155178,0.0,75.8758773803711,False
2024-10-21,7202194.360563792,TECL,82176.99569155178,0.0,75.8758773803711,False
2024-10-22,7182240.70864058,TECL,82176.99569155178,0.0,75.8758773803711,False
2024-10-23,6872972.896966658,TECL,82176.99569155178,0.0,75.8758773803711,False
2024-10-24,6928226.94535454,TECL,82176.99569155178,0.0,75.8758773803711,False
2024-10-25,7025689.2434368385,TECL,82176.99569155178,0.0,75.8758773803711,False
2024-10-28,7022620.27070498,TECL,82176.99569155178,0.0,75.8758773803711,False
2024-10-29,7300424.058569237,TECL,82176.99569155178,0.0,75.8758773803711,False
2024-10-30,6957389.396355492,TECL,82176.99569155178,0.0,75.8758773803711,False
2024-10-31,6276692.498350739,TECL,82176.99569155178,0.0,75.8758773803711,False
2024-11-01,6414826.365399001,TECL,82176.99569155178,0.0,76.38016510009766,False
2024-11-04,6396408.1402827995,TECL,82176.99569155178,0.0,76.38016510009766,False
2024-11-05,6664235.729146171,TECL,82176.99569155178,0.0,76.38016510009766,False
2024-11-06,7214473.386294834,TECL,82176.99569155178,0.0,76.38016510009766,False
2024-11-07,7606622.897511301,TECL,82176.99569155178,0.0,76.38016510009766,False
2024-11-08,7570554.474162765,TECL,82176.99569155178,0.0,76.38016510009766,False
2024-11-11,7451604.978232406,TECL,82176.99569155178,0.0,76.38016510009766,False
2024-11-12,7466952.349734585,TECL,82176.99569155178,0.0,76.38016510009766,False
2024-11-13,7423209.927154599,TECL,82176.99569155178,0.0,76.38016510009766,False
2024-11-14,7317307.483839148,TECL,82176.99569155178,0.0,76.38016510009766,False
2024-11-15,6788558.905420709,TECL,82176.99569155178,0.0,76.38016510009766,False
2024-11-18,6830765.274232962,TECL,82176.99569155178,0.0,76.38016510009766,False
2024-11-19,7000364.419012332,TECL,82176.99569155178,0.0,76.38016510009766,False
2024-11-20,6965062.7686262205,TECL,82176.99569155178,0.0,76.38016510009766,False
2024-11-21,7183776.135447592,TECL,82176.99569155178,0.0,76.38016510009766,False
2024-11-22,7184544.78929218,TECL,82176.99569155178,0.0,76.38016510009766,False
2024-11-25,7177637.563023153,TECL,82176.99569155178,0.0,76.38016510009766,False
2024-11-26,7289679.832684485,TECL,82176.99569155178,0.0,76.38016510009766,False
2024-11-27,6989621.4470490245,TECL,82176.99569155178,0.0,76.38016510009766,False
2024-11-29,7176102.136216141,TECL,82176.99569155178,0.0,76.38016510009766,False
2024-12-02,7377932.704728323,TECL,82176.99569155178,0.0,87.324951171875,False
2024-12-03,7454674.577924986,TECL,82176.99569155178,0.0,87.324951171875,False
2024-12-04,7867543.260105646,TECL,82176.99569155178,0.0,87.324951171875,False
2024-12-05,7738618.819095845,TECL,82176.99569155178,0.0,87.324951171875,False
2024-12-06,7816126.838294211,TECL,82176.99569155178,0.0,87.324951171875,False
2024-12-09,7672621.798744655,TECL,82176.99569155178,0.0,87.324951171875,False
2024-12-10,7345701.280995512,TECL,82176.99569155178,0.0,87.324951171875,False
2024-12-11,7664178.518707896,TECL,82176.99569155178,0.0,87.324951171875,False
2024-12-12,7535591.382566275,TECL,82176.99569155178,0.0,87.324951171875,False
2024-12-13,7623107.575762323,TECL,82176.99569155178,0.0,87.324951171875,False
2024-12-16,7846504.339173476,TECL,82176.99569155178,0.0,87.324951171875,False
2024-12-17,7709856.369035225,TECL,82176.99569155178,0.0,87.324951171875,False
2024-12-18,6973646.487864601,TECL,82176.99569155178,0.0,87.324951171875,False
2024-12-19,6980554.96805507,TECL,82176.99569155178,0.0,87.324951171875,False
2024-12-20,7294538.151315573,TECL,82176.99569155178,0.0,87.324951171875,False
2024-12-23,7506069.68307189,TECL,82176.99569155178,0.0,87.324951171875,False
2024-12-24,7728732.90243886,TECL,82176.99569155178,0.0,87.324951171875,False
2024-12-26,7747928.558849751,TECL,82176.99569155178,0.0,87.324951171875,False
2024-12-27,7427752.8845427595,TECL,82176.99569155178,0.0,87.324951171875,False
2024-12-30,7142128.388638217,TECL,82176.99569155178,0.0,87.324951171875,False
2024-12-31,6952480.920866683,TECL,82176.99569155178,0.0,87.324951171875,False
2025-01-02,6909483.954584589,TECL,82176.99569155178,0.0,84.6037368774414,False
2025-01-03,7230427.028814726,TECL,82176.99569155178,0.0,84.6037368774414,False
2025-01-06,7507605.109878901,TECL,82176.99569155178,0.0,84.6037368774414,False
2025-01-07,7059206.563609495,TECL,82176.99569155178,0.0,84.6037368774414,False
2025-01-08,7054599.029267017,TECL,82176.99569155178,0.0,84.6037368774414,False
2025-01-10,6583934.599933418,TECL,82176.99569155178,0.0,84.6037368774414,False
2025-01-13,6256849.156786745,CASH,0.0,6256849.156786745,,False
2025-01-14,6256849.156786745,CASH,0.0,6256849.156786745,,False
2025-01-15,6256849.156786745,CASH,0.0,6256849.156786745,,False
2025-01-16,6256849.156786745,CASH,0.0,6256849.156786745,,False
2025-01-17,6256849.156786745,CASH,0.0,6256849.156786745,,False
2025-01-21,6256849.156786745,CASH,0.0,6256849.156786745,,False
2025-01-22,6256849.156786745,CASH,0.0,6256849.156786745,,False
2025-01-23,6256849.156786745,CASH,0.0,6256849.156786745,,False
2025-01-24,6256849.156786745,CASH,0.0,6256849.156786745,,False
2025-01-27,6256849.156786745,CASH,0.0,6256849.156786745,,False
2025-01-28,6256849.156786745,CASH,0.0,6256849.156786745,,False
2025-01-29,6256849.156786745,CASH,0.0,6256849.156786745,,False
2025-01-30,6256849.156786745,CASH,0.0,6256849.156786745,,False
2025-01-31,6256849.156786745,CASH,0.0,6256849.156786745,,False
2025-02-03,6256849.156786746,TECL,81161.11209917026,0.0,77.09171295166016,False
2025-02-04,6522259.343521754,TECL,81161.11209917026,0.0,77.09171295166016,False
2025-02-05,6805110.203195188,TECL,81161.11209917026,0.0,77.09171295166016,False
2025-02-06,6848333.548142778,TECL,81161.11209917026,0.0,77.09171295166016,False
2025-02-07,6661788.442290023,TECL,81161.11209917026,0.0,77.09171295166016,False
2025-02-10,6955256.2791061895,TECL,81161.11209917026,0.0,77.09171295166016,False
2025-02-11,6960564.767677557,TECL,81161.11209917026,0.0,77.09171295166016,False
2025-02-12,6918857.868374581,TECL,81161.11209917026,0.0,77.09171295166016,False
2025-02-13,7210050.107908609,TECL,81161.11209917026,0.0,77.09171295166016,False
2025-02-14,7267682.472925685,TECL,81161.11209917026,0.0,77.09171295166016,False
2025-02-18,7468634.122007348,TECL,81161.11209917026,0.0,77.09171295166016,False
2025-02-19,7467876.208790113,TECL,81161.11209917026,0.0,77.09171295166016,False
2025-02-20,7397353.746188744,TECL,81161.11209917026,0.0,77.09171295166016,False
2025-02-21,6786910.378619239,TECL,81161.11209917026,0.0,77.09171295166016,False
2025-02-24,6491168.182941223,TECL,81161.11209917026,0.0,77.09171295166016,False
2025-02-25,6239407.864638176,TECL,81161.11209917026,0.0,77.09171295166016,False
2025-02-26,6438844.925705658,TECL,81161.11209917026,0.0,77.09171295166016,False
2025-02-27,5748020.65081943,TECL,81161.11209917026,0.0,77.09171295166016,False
2025-02-28,5631164.241108071,CASH,0.0,5631164.241108071,,False
2025-03-03,5631164.241108071,TECL,84222.23523941792,0.0,66.86077880859375,False
2025-03-04,5598113.927772352,TECL,84222.23523941792,0.0,66.86077880859375,False
2025-03-05,5831828.188816025,TECL,84222.23523941792,0.0,66.86077880859375,False
2025-03-06,5351022.75561712,TECL,84222.23523941792,0.0,66.86077880859375,False
2025-03-07,5568211.538710603,TECL,84222.23523941792,0.0,66.86077880859375,False
2025-03-10,5068047.8169972645,CASH,0.0,5068047.8169972645,,False
2025-03-11,5068047.8169972645,CASH,0.0,5068047.8169972645,,False
2025-03-12,5068047.8169972645,CASH,0.0,5068047.8169972645,,False
2025-03-13,5068047.8169972645,CASH,0.0,5068047.8169972645,,False
2025-03-14,5068047.8169972645,CASH,0.0,5068047.8169972645,,False
2025-03-17,5068047.8169972645,CASH,0.0,5068047.8169972645,,False
2025-03-18,5068047.8169972645,CASH,0.0,5068047.8169972645,,False
2025-03-19,5068047.8169972645,CASH,0.0,5068047.8169972645,,False
2025-03-20,5068047.8169972645,CASH,0.0,5068047.8169972645,,False
2025-03-21,5068047.8169972645,CASH,0.0,5068047.8169972645,,False
2025-03-24,5068047.8169972645,CASH,0.0,5068047.8169972645,,False
2025-03-25,5068047.8169972645,CASH,0.0,5068047.8169972645,,False
2025-03-26,5068047.8169972645,CASH,0.0,5068047.8169972645,,False
2025-03-27,5068047.8169972645,CASH,0.0,5068047.8169972645,,False
2025-03-28,5068047.8169972645,CASH,0.0,5068047.8169972645,,False
2025-03-31,5068047.8169972645,CASH,0.0,5068047.8169972645,,False
2025-04-01,5068047.8169972645,GLD,17623.700969911406,0.0,287.57000732421875,False
2025-04-02,5078445.736029591,GLD,17623.700969911406,0.0,287.57000732421875,False
2025-04-03,5047780.668448401,GLD,17623.700969911406,0.0,287.57000732421875,False
2025-04-04,4929701.656816925,GLD,17623.700969911406,0.0,287.57000732421875,False
2025-04-07,4823783.041881303,GLD,17623.700969911406,0.0,287.57000732421875,False
2025-04-08,4850042.722052688,GLD,17623.700969911406,0.0,287.57000732421875,False
2025-04-09,5029451.868846544,GLD,17623.700969911406,0.0,287.57000732421875,False
2025-04-10,5152289.086120134,GLD,17623.700969911406,0.0,287.57000732421875,False
2025-04-11,5250629.100885864,GLD,17623.700969911406,0.0,287.57000732421875,False
2025-04-14,5220669.131936617,GLD,17623.700969911406,0.0,287.57000732421875,False
2025-04-15,5247985.653306912,GLD,17623.700969911406,0.0,287.57000732421875,False
2025-04-16,5418759.3587319665,GLD,17623.700969911406,0.0,287.57000732421875,False
2025-04-17,5394967.254856052,GLD,17623.700969911406,0.0,287.57000732421875,False
2025-04-21,5561863.72455442,GLD,17623.700969911406,0.0,287.57000732421875,False
2025-04-22,5482909.350589455,GLD,17623.700969911406,0.0,287.57000732421875,False
2025-04-23,5351436.691947064,GLD,17623.700969911406,0.0,287.57000732421875,False
2025-04-24,5429333.686880448,GLD,17623.700969911406,0.0,287.57000732421875,False
2025-04-25,5370470.590180865,GLD,17623.700969911406,0.0,287.57000732421875,False
2025-04-28,5446957.387850359,GLD,17623.700969911406,0.0,287.57000732421875,False
2025-04-29,5393909.875824471,GLD,17623.700969911406,0.0,287.57000732421875,False
2025-04-30,5353551.450010226,GLD,17623.700969911406,0.0,287.57000732421875,False
2025-05-01,5242345.939916699,GLD,17623.700969911406,0.0,303.7699890136719,False
2025-05-02,5251510.608633962,GLD,17623.700969911406,0.0,303.7699890136719,False
2025-05-05,5408361.43969964,GLD,17623.700969911406,0.0,303.7699890136719,False
2025-05-06,5559925.375607412,GLD,17623.700969911406,0.0,303.7699890136719,False
2025-05-07,5476565.07639997,GLD,17623.700969911406,0.0,303.7699890136719,False
2025-05-08,5368708.112517339,GLD,17623.700969911406,0.0,303.7699890136719,False
2025-05-09,5407656.341067695,GLD,17623.700969911406,0.0,303.7699890136719,False
2025-05-12,5255211.435244496,GLD,17623.700969911406,0.0,303.7699890136719,False
2025-05-13,5277593.341856522,GLD,17623.700969911406,0.0,303.7699890136719,False
2025-05-14,5166564.240879148,GLD,17623.700969911406,0.0,303.7699890136719,False
2025-05-15,5249043.032338493,GLD,17623.700969911406,0.0,303.7699890136719,False
2025-05-16,5185597.601280278,GLD,17623.700969911406,0.0,303.7699890136719,False
2025-05-19,5252391.57854939,GLD,17623.700969911406,0.0,303.7699890136719,False
2025-05-20,5350202.903799329,GLD,17623.700969911406,0.0,303.7699890136719,False
2025-05-21,5389680.3596981475,GLD,17623.700969911406,0.0,303.7699890136719,False
2025-05-22,5341919.742830164,GLD,17623.700969911406,0.0,303.7699890136719,False
2025-05-23,5458941.375430058,GLD,17623.700969911406,0.0,303.7699890136719,False
2025-05-27,5366416.945338023,GLD,17623.700969911406,0.0,303.7699890136719,False
2025-05-28,5354256.548642171,GLD,17623.700969911406,0.0,303.7699890136719,False
2025-05-29,5385978.995254942,GLD,17623.700969911406,0.0,303.7699890136719,False
2025-05-30,5350555.722031637,GLD,17623.700969911406,0.0,303.7699890136719,False
2025-06-02,5492779.117938663,TQQQ,154836.4000178626,0.0,35.474727630615234,False
2025-06-03,5620873.658479258,TQQQ,154836.4000178626,0.0,35.474727630615234,False
2025-06-04,5666130.157982465,TQQQ,154836.4000178626,0.0,35.474727630615234,False
2025-06-05,5534198.138457357,TQQQ,154836.4000178626,0.0,35.474727630615234,False
2025-06-06,5692208.713026978,TQQQ,154836.4000178626,0.0,35.474727630615234,False
2025-06-09,5717521.189844168,TQQQ,154836.4000178626,0.0,35.474727630615234,False
2025-06-10,5827976.439574623,TQQQ,154836.4000178626,0.0,35.474727630615234,False
2025-06-11,5768146.73413254,TQQQ,154836.4000178626,0.0,35.474727630615234,False
2025-06-12,5805731.819590673,TQQQ,154836.4000178626,0.0,35.474727630615234,False
2025-06-13,5586357.61116235,TQQQ,154836.4000178626,0.0,35.474727630615234,False
2025-06-16,5814168.721209077,TQQQ,154836.4000178626,0.0,35.474727630615234,False
2025-06-17,5642351.018927903,TQQQ,154836.4000178626,0.0,35.474727630615234,False
2025-06-18,5634681.376844804,TQQQ,154836.4000178626,0.0,35.474727630615234,False
2025-06-20,5557210.017976614,TQQQ,154836.4000178626,0.0,35.474727630615234,False
2025-06-23,5729793.7984851105,TQQQ,154836.4000178626,0.0,35.474727630615234,False
2025-06-24,5990588.208740111,TQQQ,154836.4000178626,0.0,35.474727630615234,False
2025-06-25,6036585.979002986,TQQQ,154836.4000178626,0.0,35.474727630615234,False
2025-06-26,6201960.827541961,TQQQ,154836.4000178626,0.0,35.474727630615234,False
2025-06-27,6262726.719560996,TQQQ,154836.4000178626,0.0,35.474727630615234,False
2025-06-30,6384257.912945072,TQQQ,154836.4000178626,0.0,35.474727630615234,False
2025-07-01,6221959.781049212,TQQQ,154836.4000178626,0.0,41.23228073120117,False
2025-07-02,6345798.659579124,TQQQ,154836.4000178626,0.0,41.23228073120117,False
2025-07-03,6523481.555998548,TQQQ,154836.4000178626,0.0,41.23228073120117,False
2025-07-07,6378104.47965884,TQQQ,154836.4000178626,0.0,41.23228073120117,False
2025-07-08,6386565.598090908,TQQQ,154836.4000178626,0.0,41.23228073120117,False
2025-07-09,6518866.77636087,TQQQ,154836.4000178626,0.0,41.23228073120117,False
2025-07-10,6488868.050772998,TQQQ,154836.4000178626,0.0,41.23228073120117,False
2025-07-11,6439640.584483138,TQQQ,154836.4000178626,0.0,41.23228073120117,False
2025-07-14,6508097.972782968,TQQQ,154836.4000178626,0.0,41.23228073120117,False
2025-07-15,6525020.209647102,TQQQ,154836.4000178626,0.0,41.23228073120117,False
2025-07-16,6543479.918851808,TQQQ,154836.4000178626,0.0,41.23228073120117,False
2025-07-17,6695780.050629021,TQQQ,154836.4000178626,0.0,41.23228073120117,False
2025-07-18,6672703.789824662,TQQQ,154836.4000178626,0.0,41.23228073120117,False
2025-07-21,6774236.620355479,TQQQ,154836.4000178626,0.0,41.23228073120117,False
2025-07-22,6668857.451030273,TQQQ,154836.4000178626,0.0,41.23228073120117,False
2025-07-23,6756544.17068608,TQQQ,154836.4000178626,0.0,41.23228073120117,False
2025-07-24,6801158.0386462435,TQQQ,154836.4000178626,0.0,41.23228073120117,False
2025-07-25,6839617.292012192,TQQQ,154836.4000178626,0.0,41.23228073120117,False
2025-07-28,6906537.20797145,TQQQ,154836.4000178626,0.0,41.23228073120117,False
2025-07-29,6874999.238081032,TQQQ,154836.4000178626,0.0,41.23228073120117,False
2025-07-30,6898845.121036664,TQQQ,154836.4000178626,0.0,41.23228073120117,False
2025-07-31,6785005.423933382,TQQQ,154836.4000178626,0.0,41.23228073120117,False
2025-08-01,6378104.47965884,TQQQ,154836.4000178626,0.0,43.82048034667969,False
2025-08-04,6727315.657903472,TQQQ,154836.4000178626,0.0,43.82048034667969,False
2025-08-05,6587324.164660699,TQQQ,154836.4000178626,0.0,43.82048034667969,False
2025-08-06,6833463.858725959,TQQQ,154836.4000178626,0.0,43.82048034667969,False
2025-08-07,6902690.869177061,TQQQ,154836.4000178626,0.0,43.82048034667969,False
2025-08-08,7088834.884028553,TQQQ,154836.4000178626,0.0,43.82048034667969,False
2025-08-11,7026530.338360964,TQQQ,154836.4000178626,0.0,43.82048034667969,False
2025-08-12,7285747.1118039545,TQQQ,154836.4000178626,0.0,43.82048034667969,False
2025-08-13,7296515.324727866,TQQQ,154836.4000178626,0.0,43.82048034667969,False
2025-08-14,7276516.371220615,TQQQ,154836.4000178626,0.0,43.82048034667969,False
2025-08-15,7173445.477695235,TQQQ,154836.4000178626,0.0,43.82048034667969,False
2025-08-18,7164215.327765887,TQQQ,154836.4000178626,0.0,43.82048034667969,False
2025-08-19,6871923.112091907,TQQQ,154836.4000178626,0.0,43.82048034667969,False
2025-08-20,6746544.989259451,TQQQ,154836.4000178626,0.0,43.82048034667969,False
2025-08-21,6652704.836317411,TQQQ,154836.4000178626,0.0,43.82048034667969,False
2025-08-22,6951918.926120912,TQQQ,154836.4000178626,0.0,43.82048034667969,False
2025-08-25,6891153.034101877,TQQQ,154836.4000178626,0.0,43.82048034667969,False
2025-08-26,6971148.848130882,TQQQ,154836.4000178626,0.0,43.82048034667969,False
2025-08-27,7002685.636713316,TQQQ,154836.4000178626,0.0,43.82048034667969,False
2025-08-28,7130369.672729633,TQQQ,154836.4000178626,0.0,43.82048034667969,False
2025-08-29,6873462.356394453,TQQQ,154836.4000178626,0.0,43.82048034667969,False
2025-09-02,6698086.554466873,TECL,72628.52099910233,0.0,92.22391510009766,False
2025-09-03,6805888.974208507,TECL,72628.52099910233,0.0,92.22391510009766,False
2025-09-04,6904139.063372263,TECL,72628.52099910233,0.0,92.22391510009766,False
2025-09-05,6918467.836294899,TECL,72628.52099910233,0.0,92.22391510009766,False
2025-09-08,7071301.800871089,TECL,72628.52099910233,0.0,92.22391510009766,False
2025-09-09,7114968.568734052,TECL,72628.52099910233,0.0,92.22391510009766,False
2025-09-10,7493641.814801362,TECL,72628.52099910233,0.0,92.22391510009766,False
2025-09-11,7546861.467353843,TECL,72628.52099910233,0.0,92.22391510009766,False
2025-09-12,7548907.247532132,TECL,72628.52099910233,0.0,92.22391510009766,False
2025-09-15,7746773.31105452,TECL,72628.52099910233,0.0,92.22391510009766,False
2025-09-16,7665579.8864216665,TECL,72628.52099910233,0.0,92.22391510009766,False
2025-09-17,7604855.899916161,TECL,72628.52099910233,0.0,92.22391510009766,False
2025-09-18,7967836.704312523,TECL,72628.52099910233,0.0,92.22391510009766,False
2025-09-19,8202545.650839902,TECL,72628.52099910233,0.0,92.22391510009766,False
2025-09-22,8573714.56295419,TECL,72628.52099910233,0.0,92.22391510009766,False
2025-09-23,8341734.616258356,TECL,72628.52099910233,0.0,92.22391510009766,False
2025-09-24,8205957.316213068,TECL,72628.52099910233,0.0,92.22391510009766,False
2025-09-25,8145915.441137538,TECL,72628.52099910233,0.0,92.22391510009766,False
2025-09-26,8211415.315876163,TECL,72628.52099910233,0.0,92.22391510009766,False
2025-09-29,8330134.843167267,TECL,72628.52099910233,0.0,92.22391510009766,False
2025-09-30,8485698.361686645,TECL,72628.52099910233,0.0,92.22391510009766,False
2025-10-01,8723136.862157214,TQQQ,167297.17431854873,0.0,52.14156723022461,False
2025-10-02,8829618.5422073,TQQQ,167297.17431854873,0.0,52.14156723022461,False
2025-10-03,8709826.811697973,TQQQ,167297.17431854873,0.0,52.14156723022461,False
2025-10-06,8904488.852416687,TQQQ,167297.17431854873,0.0,52.14156723022461,False
2025-10-07,8760572.336355943,TQQQ,167297.17431854873,0.0,52.14156723022461,False
2025-10-08,9057555.070886048,TQQQ,167297.17431854873,0.0,52.14156723022461,False
2025-10-09,9021783.991182797,TQQQ,167297.17431854873,0.0,52.14156723022461,False
2025-10-10,8075099.632200371,TQQQ,167297.17431854873,0.0,52.14156723022461,False
2025-10-13,8587540.404009646,TQQQ,167297.17431854873,0.0,52.14156723022461,False
2025-10-14,8412844.715355942,TQQQ,167297.17431854873,0.0,52.14156723022461,False
2025-10-15,8585044.450454501,TQQQ,167297.17431854873,0.0,52.14156723022461,False
2025-10-16,8489378.14368466,TQQQ,167297.17431854873,0.0,52.14156723022461,False
2025-10-17,8650763.143691046,TQQQ,167297.17431854873,0.0,52.14156723022461,False
2025-10-20,8975198.176387375,TQQQ,167297.17431854873,0.0,52.14156723022461,False
2025-10-21,8965215.638542943,TQQQ,167297.17431854873,0.0,52.14156723022461,False
2025-10-22,8701509.306537092,TQQQ,167297.17431854873,0.0,52.14156723022461,False
2025-10-23,8919462.659183335,TQQQ,167297.17431854873,0.0,52.14156723022461,False
2025-10-24,9197311.238896167,TQQQ,167297.17431854873,0.0,52.14156723022461,False
2025-10-27,9685627.863342103,TQQQ,167297.17431854873,0.0,52.14156723022461,False
2025-10-28,9906908.728603154,TQQQ,167297.17431854873,0.0,52.14156723022461,False
2025-10-29,10033355.484342104,TQQQ,167297.17431854873,0.0,52.14156723022461,False
2025-10-30,9574154.276181726,TQQQ,167297.17431854873,0.0,52.14156723022461,False
2025-10-31,9709752.010705441,TQQQ,167297.17431854873,0.0,52.14156723022461,False
2025-11-03,9842853.791674014,TECL,70205.48511694178,0.0,140.2006378173828,False
2025-11-04,9072520.63537614,TECL,70205.48511694178,0.0,140.2006378173828,False
2025-11-05,9168152.255582966,TECL,70205.48511694178,0.0,140.2006378173828,False
2025-11-06,8858568.412506614,CASH,0.0,8858568.412506614,,False
2025-11-07,8858568.412506614,CASH,0.0,8858568.412506614,,False
2025-11-10,8858568.412506614,CASH,0.0,8858568.412506614,,False
2025-11-11,8858568.412506614,CASH,0.0,8858568.412506614,,False
2025-11-12,8858568.412506614,CASH,0.0,8858568.412506614,,False
2025-11-13,8858568.412506614,CASH,0.0,8858568.412506614,,False
2025-11-14,8858568.412506614,CASH,0.0,8858568.412506614,,False
2025-11-17,8858568.412506614,CASH,0.0,8858568.412506614,,False
2025-11-18,8858568.412506614,CASH,0.0,8858568.412506614,,False
2025-11-19,8858568.412506614,CASH,0.0,8858568.412506614,,False
2025-11-20,8858568.412506614,CASH,0.0,8858568.412506614,,False
2025-11-21,8858568.412506614,CASH,0.0,8858568.412506614,,False
2025-11-24,8858568.412506614,CASH,0.0,8858568.412506614,,False
2025-11-25,8858568.412506614,CASH,0.0,8858568.412506614,,False
2025-11-26,8858568.412506614,CASH,0.0,8858568.412506614,,False
2025-11-28,8858568.412506614,CASH,0.0,8858568.412506614,,False
2025-12-01,8858568.412506614,TECL,75838.18901784875,0.0,116.80880737304688,False
2025-12-02,9125736.13666435,TECL,75838.18901784875,0.0,116.80880737304688,False
2025-12-03,9184869.580541097,TECL,75838.18901784875,0.0,116.80880737304688,False
2025-12-04,9276776.055289038,TECL,75838.18901784875,0.0,116.80880737304688,False
2025-12-05,9475548.69394093,TECL,75838.18901784875,0.0,116.80880737304688,False
2025-12-08,9675744.687275622,TECL,75838.18901784875,0.0,116.80880737304688,False
2025-12-09,9749127.878765374,TECL,75838.18901784875,0.0,116.80880737304688,False
2025-12-10,9903385.967611905,TECL,75838.18901784875,0.0,116.80880737304688,False
2025-12-11,9739893.431311112,TECL,75838.18901784875,0.0,116.80880737304688,False
2025-12-12,8877018.79223227,TECL,75838.18901784875,0.0,116.80880737304688,False
2025-12-15,8637078.22307799,TECL,75838.18901784875,0.0,116.80880737304688,False
2025-12-16,8672653.411156012,TECL,75838.18901784875,0.0,116.80880737304688,False
2025-12-17,8095889.264104893,TECL,75838.18901784875,0.0,116.80880737304688,False
2025-12-18,8463746.60288248,TECL,75838.18901784875,0.0,116.80880737304688,False
2025-12-19,9002665.137556672,TECL,75838.18901784875,0.0,116.80880737304688,False
2025-12-22,9153289.621765813,TECL,75838.18901784875,0.0,116.80880737304688,False
2025-12-23,9290290.402982594,TECL,75838.18901784875,0.0,116.80880737304688,False
2025-12-24,9363710.046238614,TECL,75838.18901784875,0.0,116.80880737304688,False
2025-12-26,9385660.952724813,TECL,75838.18901784875,0.0,116.80880737304688,False
2025-12-29,9263041.261199487,TECL,75838.18901784875,0.0,116.80880737304688,False
2025-12-30,9172212.717254007,TECL,75838.18901784875,0.0,116.80880737304688,False
2025-12-31,8892913.498122996,TECL,75838.18901784875,0.0,116.80880737304688,False
2026-01-02,8943626.583992109,TECL,75838.18901784875,0.0,117.26168060302734,False
2026-01-05,9007206.564753946,TECL,75838.18901784875,0.0,117.26168060302734,False
2026-01-06,9381119.525527539,TECL,75838.18901784875,0.0,117.26168060302734,False
2026-01-07,9350842.572746428,TECL,75838.18901784875,0.0,117.26168060302734,False
2026-01-08,8917891.637007736,TECL,75838.18901784875,0.0,117.26168060302734,False
2026-01-09,9265312.264097856,TECL,75838.18901784875,0.0,117.26168060302734,False
2026-01-12,9383389.949826444,TECL,75838.18901784875,0.0,117.26168060302734,False
2026-01-13,9325107.625762053,TECL,75838.18901784875,0.0,117.26168060302734,False
2026-01-14,8970874.56857629,TECL,75838.18901784875,0.0,117.26168060302734,False
2026-01-15,9110145.774091978,TECL,75838.18901784875,0.0,117.26168060302734,False
2026-01-16,9135880.72107635,TECL,75838.18901784875,0.0,117.26168060302734,False
2026-01-20,8417574.944210641,TECL,75838.18901784875,0.0,117.26168060302734,False
2026-01-21,8770294.385197135,TECL,75838.18901784875,0.0,117.26168060302734,False
2026-01-22,8962549.679480305,TECL,75838.18901784875,0.0,117.26168060302734,False
2026-01-23,8995853.286060493,TECL,75838.18901784875,0.0,117.26168060302734,False
2026-01-26,9175997.336351646,TECL,75838.18901784875,0.0,117.26168060302734,False
2026-01-27,9546125.099428138,TECL,75838.18901784875,0.0,117.26168060302734,False
2026-01-28,9764114.762096217,TECL,75838.18901784875,0.0,117.26168060302734,False
2026-01-29,9288776.786783326,TECL,75838.18901784875,0.0,117.26168060302734,False
2026-01-30,8736990.778616946,TECL,75838.18901784875,0.0,117.26168060302734,False
2026-02-02,8971631.955275388,TECL,75838.18901784875,0.0,115.2056884765625,False
2026-02-03,8394111.000124635,TECL,75838.18901784875,0.0,115.2056884765625,False
2026-02-04,7863291.700755252,CASH,0.0,7863291.700755252,,False
2026-02-05,7863291.700755252,CASH,0.0,7863291.700755252,,False
2026-02-06,7863291.700755252,CASH,0.0,7863291.700755252,,False
2026-02-09,7863291.700755252,CASH,0.0,7863291.700755252,,False
2026-02-10,7863291.700755252,CASH,0.0,7863291.700755252,,False
2026-02-11,7863291.700755252,CASH,0.0,7863291.700755252,,False
2026-02-12,7863291.700755252,CASH,0.0,7863291.700755252,,False
2026-02-13,7863291.700755252,CASH,0.0,7863291.700755252,,False
2026-02-17,7863291.700755252,CASH,0.0,7863291.700755252,,False
2026-02-18,7863291.700755252,CASH,0.0,7863291.700755252,,False
2026-02-19,7863291.700755252,CASH,0.0,7863291.700755252,,False
2026-02-20,7863291.700755252,CASH,0.0,7863291.700755252,,False
2026-02-23,7863291.700755252,CASH,0.0,7863291.700755252,,False
2026-02-24,7863291.700755252,CASH,0.0,7863291.700755252,,False
2026-02-25,7863291.700755252,CASH,0.0,7863291.700755252,,False
2026-02-26,7863291.700755252,CASH,0.0,7863291.700755252,,False
2026-02-27,7863291.700755252,CASH,0.0,7863291.700755252,,False
2026-03-02,7863291.700755251,TECL,76819.44431473411,0.0,102.3606948852539,False
2026-03-03,7524409.244124122,TECL,76819.44431473411,0.0,102.3606948852539,False
2026-03-04,7900093.203344749,TECL,76819.44431473411,0.0,102.3606948852539,False
2026-03-05,7943028.094337216,TECL,76819.44431473411,0.0,102.3606948852539,False
2026-03-06,7456940.21343394,TECL,76819.44431473411,0.0,102.3606948852539,False
2026-03-09,7854857.339311668,TECL,76819.44431473411,0.0,102.3606948852539,False
2026-03-10,7845657.549750141,TECL,76819.44431473411,0.0,102.3606948852539,False
2026-03-11,7964495.832876372,TECL,76819.44431473411,0.0,102.3606948852539,False
2026-03-12,7519809.642386283,TECL,76819.44431473411,0.0,102.3606948852539,False
2026-03-13,7343467.546249338,TECL,76819.44431473411,0.0,102.3606948852539,False
2026-03-16,7663949.251585718,TECL,76819.44431473411,0.0,102.3606948852539,False
2026-03-17,7780488.319928879,TECL,76819.44431473411,0.0,102.3606948852539,False
2026-03-18,7524409.244124122,TECL,76819.44431473411,0.0,102.3606948852539,False
2026-03-19,7594945.84814456,TECL,76819.44431473411,0.0,102.3606948852539,False
2026-03-20,7076962.530679726,CASH,0.0,7076962.530679726,,False
2026-03-23,7076962.530679726,CASH,0.0,7076962.530679726,,False
2026-03-24,7076962.530679726,CASH,0.0,7076962.530679726,,False
2026-03-25,7076962.530679726,CASH,0.0,7076962.530679726,,False
2026-03-26,7076962.530679726,CASH,0.0,7076962.530679726,,False
2026-03-27,7076962.530679726,CASH,0.0,7076962.530679726,,False
2026-03-30,7076962.530679726,CASH,0.0,7076962.530679726,,False
2026-03-31,7076962.530679726,CASH,0.0,7076962.530679726,,False
2026-04-01,7076962.530679726,GLD,16164.091207095122,0.0,437.82000732421875,False
2026-04-02,6941022.464433386,GLD,16164.091207095122,0.0,437.82000732421875,False
2026-04-06,6912573.506056446,GLD,16164.091207095122,0.0,437.82000732421875,False
2026-04-07,6979816.184672631,GLD,16164.091207095122,0.0,437.82000732421875,False
2026-04-08,7023782.5324874865,GLD,16164.091207095122,0.0,437.82000732421875,False
2026-04-09,7078417.239693695,GLD,16164.091207095122,0.0,437.82000732421875,False
2026-04-10,7065809.268283717,GLD,16164.091207095122,0.0,437.82000732421875,False
2026-04-13,7037198.511142252,GLD,16164.091207095122,0.0,437.82000732421875,False
2026-04-14,7194475.296171297,GLD,16164.091207095122,0.0,437.82000732421875,False
2026-04-15,7119635.474956221,GLD,16164.091207095122,0.0,437.82000732421875,False
2026-04-16,7113493.041371298,GLD,16164.091207095122,0.0,437.82000732421875,False
2026-04-17,7208053.073590588,GLD,16164.091207095122,0.0,437.82000732421875,False
2026-04-20,7145983.022550012,GLD,16164.091207095122,0.0,437.82000732421875,False
2026-04-21,6943608.778221191,GLD,16164.091207095122,0.0,437.82000732421875,False
2026-04-22,7035582.496652676,GLD,16164.091207095122,0.0,437.82000732421875,False
2026-04-23,6967370.012027178,GLD,16164.091207095122,0.0,437.82000732421875,False
2026-04-24,7003092.515473962,GLD,16164.091207095122,0.0,437.82000732421875,False
2026-04-27,6948781.405796802,GLD,16164.091207095122,0.0,437.82000732421875,False
2026-04-28,6819791.780380173,GLD,16164.091207095122,0.0,437.82000732421875,False
2026-04-29,6747053.369948245,GLD,16164.091207095122,0.0,437.82000732421875,False
2026-04-30,6848078.939992589,GLD,16164.091207095122,0.0,437.82000732421875,False
2026-05-01,6840319.998629173,TQQQ,104993.39736641539,0.0,65.1500015258789,False
2026-05-04,6799466.358957202,TQQQ,104993.39736641539,0.0,65.1500015258789,False
2026-05-05,7059251.161915115,TQQQ,104993.39736641539,0.0,65.1500015258789,False
2026-05-06,7497115.891595154,TQQQ,104993.39736641539,0.0,65.1500015258789,False
2026-05-07,7473022.329232582,TQQQ,104993.39736641539,0.0,65.1500015258789,False
2026-05-08,7990498.827945355,TQQQ,104993.39736641539,0.0,65.1500015258789,False
2026-05-11,8061730.157805365,TQQQ,104993.39736641539,0.0,65.1500015258789,False
2026-05-12,7852225.586775648,TQQQ,104993.39736641539,0.0,65.1500015258789,False
2026-05-13,8091060.893873851,TQQQ,104993.39736641539,0.0,65.1500015258789,False
2026-05-14,8270186.973679477,TQQQ,104993.39736641539,0.0,65.1500015258789,False
2026-05-15,7892031.471292015,TQQQ,104993.39736641539,0.0,65.1500015258789,False
2026-05-18,7785184.476502001,TQQQ,104993.39736641539,0.0,65.1500015258789,False
2026-05-19,7639578.551315173,TQQQ,104993.39736641539,0.0,65.1500015258789,False
2026-05-20,8014591.589271876,TQQQ,104993.39736641539,0.0,65.1500015258789,False
2026-05-21,8060682.402649761,TQQQ,104993.39736641539,0.0,65.1500015258789,False
2026-05-22,8153911.784561135,TQQQ,104993.39736641539,0.0,65.1500015258789,False
2026-05-26,8584443.029188002,TQQQ,104993.39736641539,0.0,65.1500015258789,False
2026-05-27,8555113.094155567,TQQQ,104993.39736641539,0.0,65.1500015258789,False
2026-05-28,8765664.619304834,TQQQ,104993.39736641539,0.0,65.1500015258789,False
2026-05-29,8857847.047096657,TQQQ,104993.39736641539,0.0,65.1500015258789,False
2026-06-01,9012880.365575762,TQQQ,104993.39736641539,0.0,84.36575317382812,False
2026-06-02,9136488.238711227,TQQQ,104993.39736641539,0.0,84.36575317382812,False
2026-06-03,9067350.817090321,TQQQ,104993.39736641539,0.0,84.36575317382812,False
2026-06-04,8926983.66768151,TQQQ,104993.39736641539,0.0,84.36575317382812,False
2026-06-05,7972062.342386992,CASH,0.0,7972062.342386992,,False
2026-06-08,7972062.342386992,CASH,0.0,7972062.342386992,,False
2026-06-09,7972062.342386992,CASH,0.0,7972062.342386992,,False
2026-06-10,7972062.342386992,CASH,0.0,7972062.342386992,,False
2026-06-11,7972062.342386992,CASH,0.0,7972062.342386992,,False
2026-06-12,7972062.342386992,CASH,0.0,7972062.342386992,,False
